Tx 0.0219286 1 1 1 38 
Rx 0.115 1 1 3 1431 3998710
Rx 0.115 1 1 3 1431 3976310
Rx 0.115 1 1 3 1431 3953910
Rx 0.115 1 1 3 1431 3931510
Rx 0.115 1 1 3 1431 3909110
Rx 0.115 1 1 3 1431 3886710
Rx 0.116 1 1 3 1431 4864310
Rx 0.116 1 1 3 1431 4841910
Rx 0.116 1 1 3 1431 4819510
Rx 0.116 1 1 3 1431 4797110
Rx 0.116 1 1 3 1431 4774710
Rx 0.116 1 1 3 1431 4752310
Rx 0.116 1 1 3 1431 4729910
Rx 0.117 1 1 3 1431 5707510
Rx 0.117 1 1 3 1431 5685110
Rx 0.117 1 1 3 1431 5662710
Rx 0.117 1 1 3 1431 5640310
Rx 0.117 1 1 3 1431 5617910
Rx 0.117 1 1 3 1431 5595510
Rx 0.118 1 1 3 1431 6573110
Rx 0.118 1 1 3 1431 6550710
Rx 0.118 1 1 3 1431 6528310
Rx 0.118 1 1 3 1431 6505910
Rx 0.118 1 1 3 1431 6483510
Rx 0.118 1 1 3 1431 6461110
Rx 0.118 1 1 3 1431 6438710
Rx 0.119 1 1 3 1431 7416310
Rx 0.119 1 1 3 1431 7393910
Rx 0.119 1 1 3 1431 7371510
Rx 0.119 1 1 3 1431 7349110
Rx 0.119 1 1 3 1431 7326710
Rx 0.119 1 1 3 1431 7304310
Rx 0.12 1 1 3 1431 8281910
Rx 0.12 1 1 3 1431 8259510
Rx 0.12 1 1 3 1431 8237110
Rx 0.12 1 1 3 1431 8214710
Rx 0.12 1 1 3 1431 8192310
Rx 0.12 1 1 3 1431 8169910
Rx 0.12 1 1 3 1431 8147510
Rx 0.121 1 1 3 1431 9125110
Rx 0.121 1 1 3 1431 9102710
Rx 0.121 1 1 3 1431 9080310
Rx 0.121 1 1 3 1431 9057910
Rx 0.121 1 1 3 1431 9035510
Rx 0.121 1 1 3 1431 9013110
Rx 0.121 1 1 3 1431 8990710
Rx 0.122 1 1 3 1431 9968310
Rx 0.122 1 1 3 1431 9945910
Rx 0.122 1 1 3 1431 9923510
Rx 0.122 1 1 3 1431 9901110
Rx 0.122 1 1 3 1431 9878710
Rx 0.122 1 1 3 1431 9856310
Rx 0.123 1 1 3 1431 10833910
Rx 0.123 1 1 3 1431 10811510
Rx 0.123 1 1 3 1431 10789110
Rx 0.123 1 1 3 1431 10766710
Rx 0.123 1 1 3 1431 10744310
Rx 0.123 1 1 3 1431 10721910
Rx 0.123 1 1 3 1431 10699510
Rx 0.124 1 1 3 1431 11677110
Rx 0.124 1 1 3 1431 11654710
Rx 0.124 1 1 3 1431 11632310
Rx 0.124 1 1 3 1431 11609910
Rx 0.124 1 1 3 1431 11587510
Rx 0.124 1 1 3 1431 11565110
Rx 0.125 1 1 3 1431 12542710
Rx 0.125 1 1 3 1431 12520310
Rx 0.125 1 1 3 1431 12497910
Rx 0.125 1 1 3 1431 12475510
Rx 0.125 1 1 3 1431 12453110
Rx 0.125 1 1 3 1431 12430710
Rx 0.125 1 1 3 1431 12408310
Rx 0.126 1 1 3 1431 13385910
Rx 0.126 1 1 3 1431 13363510
Rx 0.126 1 1 3 1431 13341110
Rx 0.126 1 1 3 1431 13318710
Rx 0.126 1 1 3 1431 13296310
Rx 0.126 1 1 3 1431 13273910
Rx 0.127 1 1 3 1431 14251510
Rx 0.127 1 1 3 1431 14229110
Rx 0.127 1 1 3 1431 14206710
Rx 0.127 1 1 3 1431 14184310
Rx 0.127 1 1 3 1431 14161910
Rx 0.127 1 1 3 1431 14139510
Rx 0.127 1 1 3 1431 14117110
Rx 0.128 1 1 3 1431 15094710
Rx 0.128 1 1 3 1431 15072310
Rx 0.128 1 1 3 1431 15049910
Rx 0.128 1 1 3 1431 15027510
Rx 0.128 1 1 3 1431 15005110
Rx 0.128 1 1 3 1431 14982710
Rx 0.128 1 1 3 1431 14960310
Rx 0.129 1 1 3 1431 15937910
Rx 0.129 1 1 3 1431 15915510
Rx 0.129 1 1 3 1431 15893110
Rx 0.129 1 1 3 1431 15870710
Rx 0.129 1 1 3 1431 15848310
Rx 0.129 1 1 3 1431 15825910
Rx 0.13 1 1 3 1431 16803510
Rx 0.13 1 1 3 1431 16781110
Rx 0.13 1 1 3 1431 16758710
Rx 0.13 1 1 3 1431 16736310
Rx 0.13 1 1 3 1431 16713910
Rx 0.13 1 1 3 1431 16691510
Rx 0.13 1 1 3 1431 16669110
Rx 0.131 1 1 3 1431 17646710
Rx 0.131 1 1 3 1431 17624310
Rx 0.131 1 1 3 1431 17601910
Rx 0.131 1 1 3 1431 17579510
Rx 0.131 1 1 3 1431 17557110
Rx 0.131 1 1 3 1431 17534710
Rx 0.132 1 1 3 1431 18512310
Rx 0.132 1 1 3 1431 18489910
Rx 0.132 1 1 3 1431 18467510
Rx 0.132 1 1 3 1431 18445110
Rx 0.132 1 1 3 1431 18422710
Rx 0.132 1 1 3 1431 18400310
Rx 0.132 1 1 3 1431 18377910
Rx 0.133 1 1 3 1431 19355510
Rx 0.133 1 1 3 1431 19333110
Rx 0.133 1 1 3 1431 19310710
Rx 0.133 1 1 3 1431 19288310
Rx 0.133 1 1 3 1431 19265910
Rx 0.133 1 1 3 1431 19243510
Rx 0.134 1 1 3 1431 20221110
Rx 0.134 1 1 3 1431 20198710
Rx 0.134 1 1 3 1431 20176310
Rx 0.134 1 1 3 1431 20153910
Rx 0.134 1 1 3 1431 20131510
Rx 0.134 1 1 3 1431 20109110
Rx 0.134 1 1 3 1431 20086710
Rx 0.135 1 1 3 1431 21064310
Rx 0.135 1 1 3 1431 21041910
Rx 0.135 1 1 3 1431 21019510
Rx 0.135 1 1 3 1431 20997110
Rx 0.135 1 1 3 1431 20974710
Rx 0.135 1 1 3 1431 20952310
Rx 0.135 1 1 3 1431 20929910
Rx 0.136 1 1 3 1431 21907510
Rx 0.136 1 1 3 1431 21885110
Rx 0.136 1 1 3 1431 21862710
Rx 0.136 1 1 3 1431 21840310
Rx 0.136 1 1 3 1431 21817910
Rx 0.136 1 1 3 1431 21795510
Rx 0.137 1 1 3 1431 22773110
Rx 0.137 1 1 3 1431 22750710
Rx 0.137 1 1 3 1431 22728310
Rx 0.137 1 1 3 1431 22705910
Rx 0.137 1 1 3 1431 22683510
Rx 0.137 1 1 3 1431 22661110
Rx 0.137 1 1 3 1431 22638710
Rx 0.138 1 1 3 1431 23616310
Rx 0.138 1 1 3 1431 23593910
Rx 0.138 1 1 3 1431 23571510
Rx 0.138 1 1 3 1431 23549110
Rx 0.138 1 1 3 1431 23526710
Rx 0.138 1 1 3 1431 23504310
Rx 0.139 1 1 3 1431 24481910
Rx 0.139 1 1 3 1431 24459510
Rx 0.139 1 1 3 1431 24437110
Rx 0.139 1 1 3 1431 24414710
Rx 0.139 1 1 3 1431 24392310
Rx 0.139 1 1 3 1431 24369910
Rx 0.139 1 1 3 1431 24347510
Rx 0.14 1 1 3 1431 25325110
Rx 0.14 1 1 3 1431 25302710
Rx 0.14 1 1 3 1431 25280310
Rx 0.14 1 1 3 1431 25257910
Rx 0.14 1 1 3 1431 25235510
Rx 0.14 1 1 3 1431 25213110
Rx 0.141 1 1 3 1431 26190710
Rx 0.141 1 1 3 1431 26168310
Rx 0.141 1 1 3 1431 26145910
Rx 0.141 1 1 3 1431 26123510
Rx 0.141 1 1 3 1431 26101110
Rx 0.141 1 1 3 1431 26078710
Rx 0.141 1 1 3 1431 26056310
Rx 0.142 1 1 3 1431 27033910
Rx 0.142 1 1 3 1431 27011510
Rx 0.142 1 1 3 1431 26989110
Rx 0.142 1 1 3 1431 26966710
Rx 0.142 1 1 3 1431 26944310
Rx 0.142 1 1 3 1431 26921910
Rx 0.142 1 1 3 1431 26899510
Rx 0.143 1 1 3 1431 27877110
Rx 0.143 1 1 3 1431 27854710
Rx 0.143 1 1 3 1431 27832310
Rx 0.143 1 1 3 1431 27809910
Rx 0.143 1 1 3 1431 27787510
Rx 0.143 1 1 3 1431 27765110
Rx 0.144 1 1 3 1431 28742710
Rx 0.144 1 1 3 1431 28720310
Rx 0.144 1 1 3 1431 28697910
Rx 0.144 1 1 3 1431 28675510
Rx 0.144 1 1 3 1431 28653110
Rx 0.144 1 1 3 1431 28630710
Rx 0.144 1 1 3 1431 28608310
Rx 0.145 1 1 3 1431 29585910
Rx 0.145 1 1 3 1431 29563510
Rx 0.145 1 1 3 1431 29541110
Rx 0.145 1 1 3 1431 29518710
Rx 0.145 1 1 3 1431 29496310
Rx 0.145 1 1 3 1431 29473910
Rx 0.146 1 1 3 1431 30451510
Rx 0.146 1 1 3 1431 30429110
Rx 0.146 1 1 3 1431 30406710
Rx 0.146 1 1 3 1431 30384310
Rx 0.146 1 1 3 1431 30361910
Rx 0.146 1 1 3 1431 30339510
Rx 0.146 1 1 3 1431 30317110
Rx 0.147 1 1 3 1431 31294710
Rx 0.147 1 1 3 1431 31272310
Rx 0.147 1 1 3 1431 31249910
Rx 0.147 1 1 3 1431 31227510
Rx 0.147 1 1 3 1431 31205110
Rx 0.147 1 1 3 1431 31182710
Rx 0.147 1 1 3 1431 31160310
Rx 0.148 1 1 3 1431 32137910
Rx 0.148 1 1 3 1431 32115510
Rx 0.148 1 1 3 1431 32093110
Rx 0.148 1 1 3 1431 32070710
Rx 0.148 1 1 3 1431 32048310
Rx 0.148 1 1 3 1431 32025910
Rx 0.149 1 1 3 1431 33003510
Rx 0.149 1 1 3 1431 32981110
Rx 0.149 1 1 3 1431 32958710
Rx 0.149 1 1 3 1431 32936310
Rx 0.149 1 1 3 1431 32913910
Rx 0.149 1 1 3 1431 32891510
Rx 0.149 1 1 3 1431 32869110
Rx 0.15 1 1 3 1431 33846710
Rx 0.15 1 1 3 1431 33824310
Rx 0.15 1 1 3 1431 33801910
Rx 0.15 1 1 3 1431 33779510
Rx 0.15 1 1 3 1431 33757110
Rx 0.15 1 1 3 1431 33734710
Rx 0.151 1 1 3 1431 34712310
Rx 0.151 1 1 3 1431 34689910
Rx 0.151 1 1 3 1431 34667510
Rx 0.151 1 1 3 1431 34645110
Rx 0.151 1 1 3 1431 34622710
Rx 0.151 1 1 3 1431 34600310
Rx 0.151 1 1 3 1431 34577910
Rx 0.152 1 1 3 1431 35555510
Rx 0.152 1 1 3 1431 35533110
Rx 0.152 1 1 3 1431 35510710
Rx 0.152 1 1 3 1431 35488310
Rx 0.152 1 1 3 1431 35465910
Rx 0.152 1 1 3 1431 35443510
Rx 0.153 1 1 3 1431 36421110
Rx 0.153 1 1 3 1431 36398710
Rx 0.153 1 1 3 1431 36376310
Rx 0.153 1 1 3 1431 36353910
Rx 0.153 1 1 3 1431 36331510
Rx 0.153 1 1 3 1431 36309110
Rx 0.153 1 1 3 1431 36286710
Rx 0.154 1 1 3 1431 37264310
Rx 0.154 1 1 3 1431 37241910
Rx 0.154 1 1 3 1431 37219510
Rx 0.154 1 1 3 1431 37197110
Rx 0.154 1 1 3 1431 37174710
Rx 0.154 1 1 3 1431 37152310
Rx 0.154 1 1 3 1431 37129910
Rx 0.155 1 1 3 1431 38107510
Rx 0.155 1 1 3 1431 38085110
Rx 0.155 1 1 3 1431 38062710
Rx 0.155 1 1 3 1431 38040310
Rx 0.155 1 1 3 1431 38017910
Rx 0.155 1 1 3 1431 37995510
Rx 0.156 1 1 3 1431 38973110
Rx 0.156 1 1 3 1431 38950710
Rx 0.156 1 1 3 1431 38928310
Rx 0.156 1 1 3 1431 38905910
Rx 0.156 1 1 3 1431 38883510
Rx 0.156 1 1 3 1431 38861110
Rx 0.156 1 1 3 1431 38838710
Rx 0.157 1 1 3 1431 39816310
Rx 0.157 1 1 3 1431 39793910
Rx 0.157 1 1 3 1431 39771510
Rx 0.157 1 1 3 1431 39749110
Rx 0.157 1 1 3 1431 39726710
Rx 0.157 1 1 3 1431 39704310
Rx 0.158 1 1 3 1431 40681910
Rx 0.158 1 1 3 1431 40659510
Rx 0.158 1 1 3 1431 40637110
Rx 0.158 1 1 3 1431 40614710
Rx 0.158 1 1 3 1431 40592310
Rx 0.158 1 1 3 1431 40569910
Rx 0.158 1 1 3 1431 40547510
Rx 0.159 1 1 3 1431 41525110
Rx 0.159 1 1 3 1431 41502710
Rx 0.159 1 1 3 1431 41480310
Rx 0.159 1 1 3 1431 41457910
Rx 0.159 1 1 3 1431 41435510
Rx 0.159 1 1 3 1431 41413110
Rx 0.16 1 1 3 1431 42390710
Rx 0.16 1 1 3 1431 42368310
Rx 0.16 1 1 3 1431 42345910
Rx 0.16 1 1 3 1431 42323510
Rx 0.16 1 1 3 1431 42301110
Rx 0.16 1 1 3 1431 42278710
Rx 0.16 1 1 3 1431 42256310
Rx 0.161 1 1 3 1431 43233910
Rx 0.161 1 1 3 1431 43211510
Rx 0.161 1 1 3 1431 43189110
Rx 0.161 1 1 3 1431 43166710
Rx 0.161 1 1 3 1431 43144310
Rx 0.161 1 1 3 1431 43121910
Rx 0.161 1 1 3 1431 43099510
Rx 0.162 1 1 3 1431 44077110
Rx 0.162 1 1 3 1431 44054710
Rx 0.162 1 1 3 1431 44032310
Rx 0.162 1 1 3 1431 44009910
Rx 0.162 1 1 3 1431 43987510
Rx 0.162 1 1 3 1431 43965110
Rx 0.163 1 1 3 1431 44942710
Rx 0.163 1 1 3 1431 44920310
Rx 0.163 1 1 3 1431 44897910
Rx 0.163 1 1 3 1431 44875510
Rx 0.163 1 1 3 1431 44853110
Rx 0.163 1 1 3 1431 44830710
Rx 0.163 1 1 3 1431 44808310
Rx 0.164 1 1 3 1431 45785910
Rx 0.164 1 1 3 1431 45763510
Rx 0.164 1 1 3 1431 45741110
Rx 0.164 1 1 3 1431 45718710
Rx 0.164 1 1 3 1431 45696310
Rx 0.164 1 1 3 1431 45673910
Rx 0.165 1 1 3 1431 46651510
Rx 0.165 1 1 3 1431 46629110
Rx 0.165 1 1 3 1431 46606710
Rx 0.165 1 1 3 1431 46584310
Rx 0.165 1 1 3 1431 46561910
Rx 0.165 1 1 3 1431 46539510
Rx 0.165 1 1 3 1431 46517110
Rx 0.166 1 1 3 1431 47494710
Rx 0.166 1 1 3 1431 47472310
Rx 0.166 1 1 3 1431 47449910
Rx 0.166 1 1 3 1431 47427510
Rx 0.166 1 1 3 1431 47405110
Rx 0.166 1 1 3 1431 47382710
Rx 0.167 1 1 3 1431 48360310
Rx 0.167 1 1 3 1431 48337910
Rx 0.167 1 1 3 1431 48315510
Rx 0.167 1 1 3 1431 48293110
Rx 0.167 1 1 3 1431 48270710
Rx 0.167 1 1 3 1431 48248310
Rx 0.167 1 1 3 1431 48225910
Rx 0.168 1 1 3 1431 49203510
Rx 0.168 1 1 3 1431 49181110
Rx 0.168 1 1 3 1431 49158710
Rx 0.168 1 1 3 1431 49136310
Rx 0.168 1 1 3 1431 49113910
Rx 0.168 1 1 3 1431 49091510
Rx 0.168 1 1 3 1431 49069110
Rx 0.169 1 1 3 1431 50046710
Rx 0.169 1 1 3 1431 50024310
Rx 0.169 1 1 3 1431 50001910
Rx 0.169 1 1 3 1431 49979510
Rx 0.169 1 1 3 1431 49957110
Rx 0.169 1 1 3 1431 49934710
Rx 0.17 1 1 3 1431 50912310
Rx 0.17 1 1 3 1431 50889910
Rx 0.17 1 1 3 1431 50867510
Rx 0.17 1 1 3 1431 50845110
Rx 0.17 1 1 3 1431 50822710
Rx 0.17 1 1 3 1431 50800310
Rx 0.17 1 1 3 1431 50777910
Rx 0.171 1 1 3 1431 51755510
Rx 0.171 1 1 3 1431 51733110
Rx 0.171 1 1 3 1431 51710710
Rx 0.171 1 1 3 1431 51688310
Rx 0.171 1 1 3 1431 51665910
Rx 0.171 1 1 3 1431 51643510
Rx 0.172 1 1 3 1431 52621110
Rx 0.172 1 1 3 1431 52598710
Rx 0.172 1 1 3 1431 52576310
Rx 0.172 1 1 3 1431 52553910
Rx 0.172 1 1 3 1431 52531510
Rx 0.172 1 1 3 1431 52509110
Rx 0.172 1 1 3 1431 52486710
Rx 0.173 1 1 3 1431 53464310
Rx 0.173 1 1 3 1431 53441910
Rx 0.173 1 1 3 1431 53419510
Rx 0.173 1 1 3 1431 53397110
Rx 0.173 1 1 3 1431 53374710
Rx 0.173 1 1 3 1431 53352310
Rx 0.174 1 1 3 1431 54329910
Rx 0.174 1 1 3 1431 54307510
Rx 0.174 1 1 3 1431 54285110
Rx 0.174 1 1 3 1431 54262710
Rx 0.174 1 1 3 1431 54240310
Rx 0.174 1 1 3 1431 54217910
Rx 0.174 1 1 3 1431 54195510
Rx 0.175 1 1 3 1431 55173110
Rx 0.175 1 1 3 1431 55150710
Rx 0.175 1 1 3 1431 55128310
Rx 0.175 1 1 3 1431 55105910
Rx 0.175 1 1 3 1431 55083510
Rx 0.175 1 1 3 1431 55061110
Rx 0.175 1 1 3 1431 55038710
Rx 0.176 1 1 3 1431 56016310
Rx 0.176 1 1 3 1431 55993910
Rx 0.176 1 1 3 1431 55971510
Rx 0.176 1 1 3 1431 55949110
Rx 0.176 1 1 3 1431 55926710
Rx 0.176 1 1 3 1431 55904310
Rx 0.177 1 1 3 1431 56881910
Rx 0.177 1 1 3 1431 56859510
Rx 0.177 1 1 3 1431 56837110
Rx 0.177 1 1 3 1431 56814710
Rx 0.177 1 1 3 1431 56792310
Rx 0.177 1 1 3 1431 56769910
Rx 0.177 1 1 3 1431 56747510
Rx 0.178 1 1 3 1431 57725110
Rx 0.178 1 1 3 1431 57702710
Rx 0.178 1 1 3 1431 57680310
Rx 0.178 1 1 3 1431 57657910
Rx 0.178 1 1 3 1431 57635510
Rx 0.178 1 1 3 1431 57613110
Rx 0.179 1 1 3 1431 58590710
Rx 0.179 1 1 3 1431 58568310
Rx 0.179 1 1 3 1431 58545910
Rx 0.179 1 1 3 1431 58523510
Rx 0.179 1 1 3 1431 58501110
Rx 0.179 1 1 3 1431 58478710
Rx 0.179 1 1 3 1431 58456310
Rx 0.18 1 1 3 1431 59433910
Rx 0.18 1 1 3 1431 59411510
Rx 0.18 1 1 3 1431 59389110
Rx 0.18 1 1 3 1431 59366710
Rx 0.18 1 1 3 1431 59344310
Rx 0.18 1 1 3 1431 59321910
Rx 0.18 1 1 3 1431 59299510
Rx 0.181 1 1 3 1431 60277110
Rx 0.181 1 1 3 1431 60254710
Rx 0.181 1 1 3 1431 60232310
Rx 0.181 1 1 3 1431 60209910
Rx 0.181 1 1 3 1431 60187510
Rx 0.181 1 1 3 1431 60165110
Rx 0.182 1 1 3 1431 61142710
Rx 0.182 1 1 3 1431 61120310
Rx 0.182 1 1 3 1431 61097910
Rx 0.182 1 1 3 1431 61075510
Rx 0.182 1 1 3 1431 61053110
Rx 0.182 1 1 3 1431 61030710
Rx 0.182 1 1 3 1431 61008310
Rx 0.183 1 1 3 1431 61985910
Rx 0.183 1 1 3 1431 61963510
Rx 0.183 1 1 3 1431 61941110
Rx 0.183 1 1 3 1431 61918710
Rx 0.183 1 1 3 1431 61896310
Rx 0.183 1 1 3 1431 61873910
Rx 0.184 1 1 3 1431 62851510
Rx 0.184 1 1 3 1431 62829110
Rx 0.184 1 1 3 1431 62806710
Rx 0.184 1 1 3 1431 62784310
Rx 0.184 1 1 3 1431 62761910
Rx 0.184 1 1 3 1431 62739510
Rx 0.184 1 1 3 1431 62717110
Rx 0.185 1 1 3 1431 63694710
Rx 0.185 1 1 3 1431 63672310
Rx 0.185 1 1 3 1431 63649910
Rx 0.185 1 1 3 1431 63627510
Rx 0.185 1 1 3 1431 63605110
Rx 0.185 1 1 3 1431 63582710
Rx 0.186 1 1 3 1431 64560310
Rx 0.186 1 1 3 1431 64537910
Rx 0.186 1 1 3 1431 64515510
Rx 0.186 1 1 3 1431 64493110
Rx 0.186 1 1 3 1431 64470710
Rx 0.186 1 1 3 1431 64448310
Rx 0.186 1 1 3 1431 64425910
Rx 0.187 1 1 3 1431 65403510
Rx 0.187 1 1 3 1431 65381110
Rx 0.187 1 1 3 1431 65358710
Rx 0.187 1 1 3 1431 65336310
Rx 0.187 1 1 3 1431 65313910
Rx 0.187 1 1 3 1431 65291510
Rx 0.187 1 1 3 1431 65269110
Rx 0.188 1 1 3 1431 66246710
Rx 0.188 1 1 3 1431 66224310
Rx 0.188 1 1 3 1431 66201910
Rx 0.188 1 1 3 1431 66179510
Rx 0.188 1 1 3 1431 66157110
Rx 0.188 1 1 3 1431 66134710
Rx 0.189 1 1 3 1431 67112310
Rx 0.189 1 1 3 1431 67089910
Rx 0.189 1 1 3 1431 67067510
Rx 0.189 1 1 3 1431 67045110
Rx 0.189 1 1 3 1431 67022710
Rx 0.189 1 1 3 1431 67000310
Rx 0.189 1 1 3 1431 66977910
Rx 0.19 1 1 3 1431 67955510
Rx 0.19 1 1 3 1431 67933110
Rx 0.19 1 1 3 1431 67910710
Rx 0.19 1 1 3 1431 67888310
Rx 0.19 1 1 3 1431 67865910
Rx 0.19 1 1 3 1431 67843510
Rx 0.191 1 1 3 1431 68821110
Rx 0.191 1 1 3 1431 68798710
Rx 0.191 1 1 3 1431 68776310
Rx 0.191 1 1 3 1431 68753910
Rx 0.191 1 1 3 1431 68731510
Rx 0.191 1 1 3 1431 68709110
Rx 0.191 1 1 3 1431 68686710
Rx 0.192 1 1 3 1431 69664310
Rx 0.192 1 1 3 1431 69641910
Rx 0.192 1 1 3 1431 69619510
Rx 0.192 1 1 3 1431 69597110
Rx 0.192 1 1 3 1431 69574710
Rx 0.192 1 1 3 1431 69552310
Rx 0.193 1 1 3 1431 70529910
Rx 0.193 1 1 3 1431 70507510
Rx 0.193 1 1 3 1431 70485110
Rx 0.193 1 1 3 1431 70462710
Rx 0.193 1 1 3 1431 70440310
Rx 0.193 1 1 3 1431 70417910
Rx 0.193 1 1 3 1431 70395510
Rx 0.194 1 1 3 1431 71373110
Rx 0.194 1 1 3 1431 71350710
Rx 0.194 1 1 3 1431 71328310
Rx 0.194 1 1 3 1431 71305910
Rx 0.194 1 1 3 1431 71283510
Rx 0.194 1 1 3 1431 71261110
Rx 0.194 1 1 3 1431 71238710
Rx 0.195 1 1 3 1431 72216310
Rx 0.195 1 1 3 1431 72193910
Rx 0.195 1 1 3 1431 72171510
Rx 0.195 1 1 3 1431 72149110
Rx 0.195 1 1 3 1431 72126710
Rx 0.195 1 1 3 1431 72104310
Rx 0.196 1 1 3 1431 73081910
Rx 0.196 1 1 3 1431 73059510
Rx 0.196 1 1 3 1431 73037110
Rx 0.196 1 1 3 1431 73014710
Rx 0.196 1 1 3 1431 72992310
Rx 0.196 1 1 3 1431 72969910
Rx 0.196 1 1 3 1431 72947510
Rx 0.197 1 1 3 1431 73925110
Rx 0.197 1 1 3 1431 73902710
Rx 0.197 1 1 3 1431 73880310
Rx 0.197 1 1 3 1431 73857910
Rx 0.197 1 1 3 1431 73835510
Rx 0.197 1 1 3 1431 73813110
Rx 0.198 1 1 3 1431 74790710
Rx 0.198 1 1 3 1431 74768310
Rx 0.198 1 1 3 1431 74745910
Rx 0.198 1 1 3 1431 74723510
Rx 0.198 1 1 3 1431 74701110
Rx 0.198 1 1 3 1431 74678710
Rx 0.198 1 1 3 1431 74656310
Rx 0.199 1 1 3 1431 75633910
Rx 0.199 1 1 3 1431 75611510
Rx 0.199 1 1 3 1431 75589110
Rx 0.199 1 1 3 1431 75566710
Rx 0.199 1 1 3 1431 75544310
Rx 0.199 1 1 3 1431 75521910
Rx 0.2 1 1 3 1431 76499510
Rx 0.2 1 1 3 1431 76477110
Rx 0.2 1 1 3 1431 76454710
Rx 0.2 1 1 3 1431 76432310
Rx 0.2 1 1 3 1431 76409910
Rx 0.2 1 1 3 1431 76387510
Rx 0.2 1 1 3 1431 76365110
Rx 0.201 1 1 3 1431 77342710
Rx 0.201 1 1 3 1431 77320310
Rx 0.201 1 1 3 1431 77297910
Rx 0.201 1 1 3 1431 77275510
Rx 0.201 1 1 3 1431 77253110
Rx 0.201 1 1 3 1431 77230710
Rx 0.201 1 1 3 1431 77208310
Rx 0.202 1 1 3 1431 78185910
Rx 0.202 1 1 3 1431 78163510
Rx 0.202 1 1 3 1431 78141110
Rx 0.202 1 1 3 1431 78118710
Rx 0.202 1 1 3 1431 78096310
Rx 0.202 1 1 3 1431 78073910
Rx 0.203 1 1 3 1431 79051510
Rx 0.203 1 1 3 1431 79029110
Rx 0.203 1 1 3 1431 79006710
Rx 0.203 1 1 3 1431 78984310
Rx 0.203 1 1 3 1431 78961910
Rx 0.203 1 1 3 1431 78939510
Rx 0.203 1 1 3 1431 78917110
Rx 0.204 1 1 3 1431 79894710
Rx 0.204 1 1 3 1431 79872310
Rx 0.204 1 1 3 1431 79849910
Rx 0.204 1 1 3 1431 79827510
Rx 0.204 1 1 3 1431 79805110
Rx 0.204 1 1 3 1431 79782710
Rx 0.205 1 1 3 1431 80760310
Rx 0.205 1 1 3 1431 80737910
Rx 0.205 1 1 3 1431 80715510
Rx 0.205 1 1 3 1431 80693110
Rx 0.205 1 1 3 1431 80670710
Rx 0.205 1 1 3 1431 80648310
Rx 0.205 1 1 3 1431 80625910
Rx 0.206 1 1 3 1431 81603510
Rx 0.206 1 1 3 1431 81581110
Rx 0.206 1 1 3 1431 81558710
Rx 0.206 1 1 3 1431 81536310
Rx 0.206 1 1 3 1431 81513910
Rx 0.206 1 1 3 1431 81491510
Rx 0.207 1 1 3 1431 82469110
Rx 0.207 1 1 3 1431 82446710
Rx 0.207 1 1 3 1431 82424310
Rx 0.207 1 1 3 1431 82401910
Rx 0.207 1 1 3 1431 82379510
Rx 0.207 1 1 3 1431 82357110
Rx 0.207 1 1 3 1431 82334710
Rx 0.208 1 1 3 1431 83312310
Rx 0.208 1 1 3 1431 83289910
Rx 0.208 1 1 3 1431 83267510
Rx 0.208 1 1 3 1431 83245110
Rx 0.208 1 1 3 1431 83222710
Rx 0.208 1 1 3 1431 83200310
Rx 0.208 1 1 3 1431 83177910
Rx 0.209 1 1 3 1431 84155510
Rx 0.209 1 1 3 1431 84133110
Rx 0.209 1 1 3 1431 84110710
Rx 0.209 1 1 3 1431 84088310
Rx 0.209 1 1 3 1431 84065910
Rx 0.209 1 1 3 1431 84043510
Rx 0.21 1 1 3 1431 85021110
Rx 0.21 1 1 3 1431 84998710
Rx 0.21 1 1 3 1431 84976310
Rx 0.21 1 1 3 1431 84953910
Rx 0.21 1 1 3 1431 84931510
Rx 0.21 1 1 3 1431 84909110
Rx 0.21 1 1 3 1431 84886710
Rx 0.211 1 1 3 1431 85864310
Rx 0.211 1 1 3 1431 85841910
Rx 0.211 1 1 3 1431 85819510
Rx 0.211 1 1 3 1431 85797110
Rx 0.211 1 1 3 1431 85774710
Rx 0.211 1 1 3 1431 85752310
Rx 0.212 1 1 3 1431 86729910
Rx 0.212 1 1 3 1431 86707510
Rx 0.212 1 1 3 1431 86685110
Rx 0.212 1 1 3 1431 86662710
Rx 0.212 1 1 3 1431 86640310
Rx 0.212 1 1 3 1431 86617910
Rx 0.212 1 1 3 1431 86595510
Rx 0.213 1 1 3 1431 87573110
Rx 0.213 1 1 3 1431 87550710
Rx 0.213 1 1 3 1431 87528310
Rx 0.213 1 1 3 1431 87505910
Rx 0.213 1 1 3 1431 87483510
Rx 0.213 1 1 3 1431 87461110
Rx 0.213 1 1 3 1431 87438710
Rx 0.214 1 1 3 1431 88416310
Rx 0.214 1 1 3 1431 88393910
Rx 0.214 1 1 3 1431 88371510
Rx 0.214 1 1 3 1431 88349110
Rx 0.214 1 1 3 1431 88326710
Rx 0.214 1 1 3 1431 88304310
Rx 0.215 1 1 3 1431 89281910
Rx 0.215 1 1 3 1431 89259510
Rx 0.215 1 1 3 1431 89237110
Rx 0.215 1 1 3 1431 89214710
Rx 0.215 1 1 3 1431 89192310
Rx 0.215 1 1 3 1431 89169910
Rx 0.215 1 1 3 1431 89147510
Rx 0.216 1 1 3 1431 90125110
Rx 0.216 1 1 3 1431 90102710
Rx 0.216 1 1 3 1431 90080310
Rx 0.216 1 1 3 1431 90057910
Rx 0.216 1 1 3 1431 90035510
Rx 0.216 1 1 3 1431 90013110
Rx 0.217 1 1 3 1431 90990710
Rx 0.217 1 1 3 1431 90968310
Rx 0.217 1 1 3 1431 90945910
Rx 0.217 1 1 3 1431 90923510
Rx 0.217 1 1 3 1431 90901110
Rx 0.217 1 1 3 1431 90878710
Rx 0.217 1 1 3 1431 90856310
Rx 0.218 1 1 3 1431 91833910
Rx 0.218 1 1 3 1431 91811510
Rx 0.218 1 1 3 1431 91789110
Rx 0.218 1 1 3 1431 91766710
Rx 0.218 1 1 3 1431 91744310
Rx 0.218 1 1 3 1431 91721910
Rx 0.219 1 1 3 1431 92699510
Rx 0.219 1 1 3 1431 92677110
Rx 0.219 1 1 3 1431 92654710
Rx 0.219 1 1 3 1431 92632310
Rx 0.219 1 1 3 1431 92609910
Rx 0.219 1 1 3 1431 92587510
Rx 0.219 1 1 3 1431 92565110
Rx 0.22 1 1 3 1431 93542710
Rx 0.22 1 1 3 1431 93520310
Rx 0.22 1 1 3 1431 93497910
Rx 0.22 1 1 3 1431 93475510
Rx 0.22 1 1 3 1431 93453110
Rx 0.22 1 1 3 1431 93430710
Rx 0.22 1 1 3 1431 93408310
Rx 0.221 1 1 3 1431 94385910
Rx 0.221 1 1 3 1431 94363510
Rx 0.221 1 1 3 1431 94341110
Rx 0.221 1 1 3 1431 94318710
Rx 0.221 1 1 3 1431 94296310
Rx 0.221 1 1 3 1431 94273910
Rx 0.222 1 1 3 1431 95251510
Rx 0.222 1 1 3 1431 95229110
Rx 0.222 1 1 3 1431 95206710
Rx 0.222 1 1 3 1431 95184310
Rx 0.222 1 1 3 1431 95161910
Rx 0.222 1 1 3 1431 95139510
Rx 0.222 1 1 3 1431 95117110
Rx 0.223 1 1 3 1431 96094710
Rx 0.223 1 1 3 1431 96072310
Rx 0.223 1 1 3 1431 96049910
Rx 0.223 1 1 3 1431 96027510
Rx 0.223 1 1 3 1431 96005110
Rx 0.223 1 1 3 1431 95982710
Rx 0.224 1 1 3 1431 96960310
Rx 0.224 1 1 3 1431 96937910
Rx 0.224 1 1 3 1431 96915510
Rx 0.224 1 1 3 1431 96893110
Rx 0.224 1 1 3 1431 96870710
Rx 0.224 1 1 3 1431 96848310
Rx 0.224 1 1 3 1431 96825910
Rx 0.225 1 1 3 1431 97803510
Rx 0.225 1 1 3 1431 97781110
Rx 0.225 1 1 3 1431 97758710
Rx 0.225 1 1 3 1431 97736310
Rx 0.225 1 1 3 1431 97713910
Rx 0.225 1 1 3 1431 97691510
Rx 0.226 1 1 3 1431 98669110
Rx 0.226 1 1 3 1431 98646710
Rx 0.226 1 1 3 1431 98624310
Rx 0.226 1 1 3 1431 98601910
Rx 0.226 1 1 3 1431 98579510
Rx 0.226 1 1 3 1431 98557110
Rx 0.226 1 1 3 1431 98534710
Rx 0.227 1 1 3 1431 99512310
Rx 0.227 1 1 3 1431 99489910
Rx 0.227 1 1 3 1431 99467510
Rx 0.227 1 1 3 1431 99445110
Rx 0.227 1 1 3 1431 99422710
Rx 0.227 1 1 3 1431 99400310
Rx 0.227 1 1 3 1431 99377910
Rx 0.228 1 1 3 1431 100355510
Rx 0.228 1 1 3 1431 100333110
Rx 0.228 1 1 3 1431 100310710
Rx 0.228 1 1 3 1431 100288310
Rx 0.228 1 1 3 1431 100265910
Rx 0.228 1 1 3 1431 100243510
Rx 0.229 1 1 3 1431 101221110
Rx 0.229 1 1 3 1431 101198710
Rx 0.229 1 1 3 1431 101176310
Rx 0.229 1 1 3 1431 101153910
Rx 0.229 1 1 3 1431 101131510
Rx 0.229 1 1 3 1431 101109110
Rx 0.229 1 1 3 1431 101086710
Rx 0.23 1 1 3 1431 102064310
Rx 0.23 1 1 3 1431 102041910
Rx 0.23 1 1 3 1431 102019510
Rx 0.23 1 1 3 1431 101997110
Rx 0.23 1 1 3 1431 101974710
Rx 0.23 1 1 3 1431 101952310
Rx 0.231 1 1 3 1431 102929910
Rx 0.231 1 1 3 1431 102907510
Rx 0.231 1 1 3 1431 102885110
Rx 0.231 1 1 3 1431 102862710
Rx 0.231 1 1 3 1431 102840310
Rx 0.231 1 1 3 1431 102817910
Rx 0.231 1 1 3 1431 102795510
Rx 0.232 1 1 3 1431 103773110
Rx 0.232 1 1 3 1431 103750710
Rx 0.232 1 1 3 1431 103728310
Rx 0.232 1 1 3 1431 103705910
Rx 0.232 1 1 3 1431 103683510
Rx 0.232 1 1 3 1431 103661110
Rx 0.233 1 1 3 1431 104638710
Rx 0.233 1 1 3 1431 104616310
Rx 0.233 1 1 3 1431 104593910
Rx 0.233 1 1 3 1431 104571510
Rx 0.233 1 1 3 1431 104549110
Rx 0.233 1 1 3 1431 104526710
Rx 0.233 1 1 3 1431 104504310
Rx 0.234 1 1 3 1431 105481910
Rx 0.234 1 1 3 1431 105459510
Rx 0.234 1 1 3 1431 105437110
Rx 0.234 1 1 3 1431 105414710
Rx 0.234 1 1 3 1431 105392310
Rx 0.234 1 1 3 1431 105369910
Rx 0.234 1 1 3 1431 105347510
Rx 0.235 1 1 3 1431 106325110
Rx 0.235 1 1 3 1431 106302710
Rx 0.235 1 1 3 1431 106280310
Rx 0.235 1 1 3 1431 106257910
Rx 0.235 1 1 3 1431 106235510
Rx 0.235 1 1 3 1431 106213110
Rx 0.236 1 1 3 1431 107190710
Rx 0.236 1 1 3 1431 107168310
Rx 0.236 1 1 3 1431 107145910
Rx 0.236 1 1 3 1431 107123510
Rx 0.236 1 1 3 1431 107101110
Rx 0.236 1 1 3 1431 107078710
Rx 0.236 1 1 3 1431 107056310
Rx 0.237 1 1 3 1431 108033910
Rx 0.237 1 1 3 1431 108011510
Rx 0.237 1 1 3 1431 107989110
Rx 0.237 1 1 3 1431 107966710
Rx 0.237 1 1 3 1431 107944310
Rx 0.237 1 1 3 1431 107921910
Rx 0.238 1 1 3 1431 108899510
Rx 0.238 1 1 3 1431 108877110
Rx 0.238 1 1 3 1431 108854710
Rx 0.238 1 1 3 1431 108832310
Rx 0.238 1 1 3 1431 108809910
Rx 0.238 1 1 3 1431 108787510
Rx 0.238 1 1 3 1431 108765110
Rx 0.239 1 1 3 1431 109742710
Rx 0.239 1 1 3 1431 109720310
Rx 0.239 1 1 3 1431 109697910
Rx 0.239 1 1 3 1431 109675510
Rx 0.239 1 1 3 1431 109653110
Rx 0.239 1 1 3 1431 109630710
Rx 0.24 1 1 3 1431 110608310
Rx 0.24 1 1 3 1431 110585910
Rx 0.24 1 1 3 1431 110563510
Rx 0.24 1 1 3 1431 110541110
Rx 0.24 1 1 3 1431 110518710
Rx 0.24 1 1 3 1431 110496310
Rx 0.24 1 1 3 1431 110473910
Rx 0.241 1 1 3 1431 111451510
Rx 0.241 1 1 3 1431 111429110
Rx 0.241 1 1 3 1431 111406710
Rx 0.241 1 1 3 1431 111384310
Rx 0.241 1 1 3 1431 111361910
Rx 0.241 1 1 3 1431 111339510
Rx 0.241 1 1 3 1431 111317110
Rx 0.242 1 1 3 1431 112294710
Rx 0.242 1 1 3 1431 112272310
Rx 0.242 1 1 3 1431 112249910
Rx 0.242 1 1 3 1431 112227510
Rx 0.242 1 1 3 1431 112205110
Rx 0.242 1 1 3 1431 112182710
Rx 0.243 1 1 3 1431 113160310
Rx 0.243 1 1 3 1431 113137910
Rx 0.243 1 1 3 1431 113115510
Rx 0.243 1 1 3 1431 113093110
Rx 0.243 1 1 3 1431 113070710
Rx 0.243 1 1 3 1431 113048310
Rx 0.243 1 1 3 1431 113025910
Rx 0.244 1 1 3 1431 114003510
Rx 0.244 1 1 3 1431 113981110
Rx 0.244 1 1 3 1431 113958710
Rx 0.244 1 1 3 1431 113936310
Rx 0.244 1 1 3 1431 113913910
Rx 0.244 1 1 3 1431 113891510
Rx 0.245 1 1 3 1431 114869110
Rx 0.245 1 1 3 1431 114846710
Rx 0.245 1 1 3 1431 114824310
Rx 0.245 1 1 3 1431 114801910
Rx 0.245 1 1 3 1431 114779510
Rx 0.245 1 1 3 1431 114757110
Rx 0.245 1 1 3 1431 114734710
Rx 0.246 1 1 3 1431 115712310
Rx 0.246 1 1 3 1431 115689910
Rx 0.246 1 1 3 1431 115667510
Rx 0.246 1 1 3 1431 115645110
Rx 0.246 1 1 3 1431 115622710
Rx 0.246 1 1 3 1431 115600310
Rx 0.246 1 1 3 1431 115577910
Rx 0.247 1 1 3 1431 116555510
Rx 0.247 1 1 3 1431 116533110
Rx 0.247 1 1 3 1431 116510710
Rx 0.247 1 1 3 1431 116488310
Rx 0.247 1 1 3 1431 116465910
Rx 0.247 1 1 3 1431 116443510
Rx 0.248 1 1 3 1431 117421110
Rx 0.248 1 1 3 1431 117398710
Rx 0.248 1 1 3 1431 117376310
Rx 0.248 1 1 3 1431 117353910
Rx 0.248 1 1 3 1431 117331510
Rx 0.248 1 1 3 1431 117309110
Rx 0.248 1 1 3 1431 117286710
Rx 0.249 1 1 3 1431 118264310
Rx 0.249 1 1 3 1431 118241910
Rx 0.249 1 1 3 1431 118219510
Rx 0.249 1 1 3 1431 118197110
Rx 0.249 1 1 3 1431 118174710
Rx 0.249 1 1 3 1431 118152310
Rx 0.25 1 1 3 1431 119129910
Rx 0.25 1 1 3 1431 119107510
Rx 0.25 1 1 3 1431 119085110
Rx 0.25 1 1 3 1431 119062710
Rx 0.25 1 1 3 1431 119040310
Rx 0.25 1 1 3 1431 119017910
Rx 0.25 1 1 3 1431 118995510
Rx 0.251 1 1 3 1431 119973110
Rx 0.251 1 1 3 1431 119950710
Rx 0.251 1 1 3 1431 119928310
Rx 0.251 1 1 3 1431 119905910
Rx 0.251 1 1 3 1431 119883510
Rx 0.251 1 1 3 1431 119861110
Rx 0.252 1 1 3 1431 120838710
Rx 0.252 1 1 3 1431 120816310
Rx 0.252 1 1 3 1431 120793910
Rx 0.252 1 1 3 1431 120771510
Rx 0.252 1 1 3 1431 120749110
Rx 0.252 1 1 3 1431 120726710
Rx 0.252 1 1 3 1431 120704310
Rx 0.253 1 1 3 1431 121681910
Rx 0.253 1 1 3 1431 121659510
Rx 0.253 1 1 3 1431 121637110
Rx 0.253 1 1 3 1431 121614710
Rx 0.253 1 1 3 1431 121592310
Rx 0.253 1 1 3 1431 121569910
Rx 0.253 1 1 3 1431 121547510
Rx 0.254 1 1 3 1431 122525110
Rx 0.254 1 1 3 1431 122502710
Rx 0.254 1 1 3 1431 122480310
Rx 0.254 1 1 3 1431 122457910
Rx 0.254 1 1 3 1431 122435510
Rx 0.254 1 1 3 1431 122413110
Rx 0.255 1 1 3 1431 123390710
Rx 0.255 1 1 3 1431 123368310
Rx 0.255 1 1 3 1431 123345910
Rx 0.255 1 1 3 1431 123323510
Rx 0.255 1 1 3 1431 123301110
Rx 0.255 1 1 3 1431 123278710
Rx 0.255 1 1 3 1431 123256310
Rx 0.256 1 1 3 1431 124233910
Rx 0.256 1 1 3 1431 124211510
Rx 0.256 1 1 3 1431 124189110
Rx 0.256 1 1 3 1431 124166710
Rx 0.256 1 1 3 1431 124144310
Rx 0.256 1 1 3 1431 124121910
Rx 0.257 1 1 3 1431 125099510
Rx 0.257 1 1 3 1431 125077110
Rx 0.257 1 1 3 1431 125054710
Rx 0.257 1 1 3 1431 125032310
Rx 0.257 1 1 3 1431 125009910
Rx 0.257 1 1 3 1431 124987510
Rx 0.257 1 1 3 1431 124965110
Rx 0.258 1 1 3 1431 125942710
Rx 0.258 1 1 3 1431 125920310
Rx 0.258 1 1 3 1431 125897910
Rx 0.258 1 1 3 1431 125875510
Rx 0.258 1 1 3 1431 125853110
Rx 0.258 1 1 3 1431 125830710
Rx 0.259 1 1 3 1431 126808310
Rx 0.259 1 1 3 1431 126785910
Rx 0.259 1 1 3 1431 126763510
Rx 0.259 1 1 3 1431 126741110
Rx 0.259 1 1 3 1431 126718710
Rx 0.259 1 1 3 1431 126696310
Rx 0.259 1 1 3 1431 126673910
Rx 0.26 1 1 3 1431 127651510
Rx 0.26 1 1 3 1431 127629110
Rx 0.26 1 1 3 1431 127606710
Rx 0.26 1 1 3 1431 127584310
Rx 0.26 1 1 3 1431 127561910
Rx 0.26 1 1 3 1431 127539510
Rx 0.26 1 1 3 1431 127517110
Rx 0.261 1 1 3 1431 128494710
Rx 0.261 1 1 3 1431 128472310
Rx 0.261 1 1 3 1431 128449910
Rx 0.261 1 1 3 1431 128427510
Rx 0.261 1 1 3 1431 128405110
Rx 0.261 1 1 3 1431 128382710
Rx 0.262 1 1 3 1431 129360310
Rx 0.262 1 1 3 1431 129337910
Rx 0.262 1 1 3 1431 129315510
Rx 0.262 1 1 3 1431 129293110
Rx 0.262 1 1 3 1431 129270710
Rx 0.262 1 1 3 1431 129248310
Rx 0.262 1 1 3 1431 129225910
Rx 0.263 1 1 3 1431 130203510
Rx 0.263 1 1 3 1431 130181110
Rx 0.263 1 1 3 1431 130158710
Rx 0.263 1 1 3 1431 130136310
Rx 0.263 1 1 3 1431 130113910
Rx 0.263 1 1 3 1431 130091510
Rx 0.264 1 1 3 1431 131069110
Rx 0.264 1 1 3 1431 131046710
Rx 0.264 1 1 3 1431 131024310
Rx 0.264 1 1 3 1431 131001910
Rx 0.264 1 1 3 1431 130979510
Rx 0.264 1 1 3 1431 130957110
Rx 0.264 1 1 3 1431 130934710
Rx 0.265 1 1 3 1431 131912310
Rx 0.265 1 1 3 1431 131889910
Rx 0.265 1 1 3 1431 131867510
Rx 0.265 1 1 3 1431 131845110
Rx 0.265 1 1 3 1431 131822710
Rx 0.265 1 1 3 1431 131800310
Rx 0.266 1 1 3 1431 132777910
Rx 0.266 1 1 3 1431 132755510
Rx 0.266 1 1 3 1431 132733110
Rx 0.266 1 1 3 1431 132710710
Rx 0.266 1 1 3 1431 132688310
Rx 0.266 1 1 3 1431 132665910
Rx 0.266 1 1 3 1431 132643510
Rx 0.267 1 1 3 1431 133621110
Rx 0.267 1 1 3 1431 133598710
Rx 0.267 1 1 3 1431 133576310
Rx 0.267 1 1 3 1431 133553910
Rx 0.267 1 1 3 1431 133531510
Rx 0.267 1 1 3 1431 133509110
Rx 0.267 1 1 3 1431 133486710
Rx 0.268 1 1 3 1431 134464310
Rx 0.268 1 1 3 1431 134441910
Rx 0.268 1 1 3 1431 134419510
Rx 0.268 1 1 3 1431 134397110
Rx 0.268 1 1 3 1431 134374710
Rx 0.268 1 1 3 1431 134352310
Rx 0.269 1 1 3 1431 135329910
Rx 0.269 1 1 3 1431 135307510
Rx 0.269 1 1 3 1431 135285110
Rx 0.269 1 1 3 1431 135262710
Rx 0.269 1 1 3 1431 135240310
Rx 0.269 1 1 3 1431 135217910
Rx 0.269 1 1 3 1431 135195510
Rx 0.27 1 1 3 1431 136173110
Rx 0.27 1 1 3 1431 136150710
Rx 0.27 1 1 3 1431 136128310
Rx 0.27 1 1 3 1431 136105910
Rx 0.27 1 1 3 1431 136083510
Rx 0.27 1 1 3 1431 136061110
Rx 0.271 1 1 3 1431 137038710
Rx 0.271 1 1 3 1431 137016310
Rx 0.271 1 1 3 1431 136993910
Rx 0.271 1 1 3 1431 136971510
Rx 0.271 1 1 3 1431 136949110
Rx 0.271 1 1 3 1431 136926710
Rx 0.271 1 1 3 1431 136904310
Rx 0.272 1 1 3 1431 137881910
Rx 0.272 1 1 3 1431 137859510
Rx 0.272 1 1 3 1431 137837110
Rx 0.272 1 1 3 1431 137814710
Rx 0.272 1 1 3 1431 137792310
Rx 0.272 1 1 3 1431 137769910
Rx 0.273 1 1 3 1431 138747510
Rx 0.273 1 1 3 1431 138725110
Rx 0.273 1 1 3 1431 138702710
Rx 0.273 1 1 3 1431 138680310
Rx 0.273 1 1 3 1431 138657910
Rx 0.273 1 1 3 1431 138635510
Rx 0.273 1 1 3 1431 138613110
Rx 0.274 1 1 3 1431 139590710
Rx 0.274 1 1 3 1431 139568310
Rx 0.274 1 1 3 1431 139545910
Rx 0.274 1 1 3 1431 139523510
Rx 0.274 1 1 3 1431 139501110
Rx 0.274 1 1 3 1431 139478710
Rx 0.274 1 1 3 1431 139456310
Rx 0.275 1 1 3 1431 140433910
Rx 0.275 1 1 3 1431 140411510
Rx 0.275 1 1 3 1431 140389110
Rx 0.275 1 1 3 1431 140366710
Rx 0.275 1 1 3 1431 140344310
Rx 0.275 1 1 3 1431 140321910
Rx 0.276 1 1 3 1431 141299510
Rx 0.276 1 1 3 1431 141277110
Rx 0.276 1 1 3 1431 141254710
Rx 0.276 1 1 3 1431 141232310
Rx 0.276 1 1 3 1431 141209910
Rx 0.276 1 1 3 1431 141187510
Rx 0.276 1 1 3 1431 141165110
Rx 0.277 1 1 3 1431 142142710
Rx 0.277 1 1 3 1431 142120310
Rx 0.277 1 1 3 1431 142097910
Rx 0.277 1 1 3 1431 142075510
Rx 0.277 1 1 3 1431 142053110
Rx 0.277 1 1 3 1431 142030710
Rx 0.278 1 1 3 1431 143008310
Rx 0.278 1 1 3 1431 142985910
Rx 0.278 1 1 3 1431 142963510
Rx 0.278 1 1 3 1431 142941110
Rx 0.278 1 1 3 1431 142918710
Rx 0.278 1 1 3 1431 142896310
Rx 0.278 1 1 3 1431 142873910
Rx 0.279 1 1 3 1431 143851510
Rx 0.279 1 1 3 1431 143829110
Rx 0.279 1 1 3 1431 143806710
Rx 0.279 1 1 3 1431 143784310
Rx 0.279 1 1 3 1431 143761910
Rx 0.279 1 1 3 1431 143739510
Rx 0.279 1 1 3 1431 143717110
Rx 0.28 1 1 3 1431 144694710
Rx 0.28 1 1 3 1431 144672310
Rx 0.28 1 1 3 1431 144649910
Rx 0.28 1 1 3 1431 144627510
Rx 0.28 1 1 3 1431 144605110
Rx 0.28 1 1 3 1431 144582710
Rx 0.281 1 1 3 1431 145560310
Rx 0.281 1 1 3 1431 145537910
Rx 0.281 1 1 3 1431 145515510
Rx 0.281 1 1 3 1431 145493110
Rx 0.281 1 1 3 1431 145470710
Rx 0.281 1 1 3 1431 145448310
Rx 0.281 1 1 3 1431 145425910
Rx 0.282 1 1 3 1431 146403510
Rx 0.282 1 1 3 1431 146381110
Rx 0.282 1 1 3 1431 146358710
Rx 0.282 1 1 3 1431 146336310
Rx 0.282 1 1 3 1431 146313910
Rx 0.282 1 1 3 1431 146291510
Rx 0.283 1 1 3 1431 147269110
Rx 0.283 1 1 3 1431 147246710
Rx 0.283 1 1 3 1431 147224310
Rx 0.283 1 1 3 1431 147201910
Rx 0.283 1 1 3 1431 147179510
Rx 0.283 1 1 3 1431 147157110
Rx 0.283 1 1 3 1431 147134710
Rx 0.284 1 1 3 1431 148112310
Rx 0.284 1 1 3 1431 148089910
Rx 0.284 1 1 3 1431 148067510
Rx 0.284 1 1 3 1431 148045110
Rx 0.284 1 1 3 1431 148022710
Rx 0.284 1 1 3 1431 148000310
Rx 0.285 1 1 3 1431 148977910
Rx 0.285 1 1 3 1431 148955510
Rx 0.285 1 1 3 1431 148933110
Rx 0.285 1 1 3 1431 148910710
Rx 0.285 1 1 3 1431 148888310
Rx 0.285 1 1 3 1431 148865910
Rx 0.285 1 1 3 1431 148843510
Rx 0.286 1 1 3 1431 149821110
Rx 0.286 1 1 3 1431 149798710
Rx 0.286 1 1 3 1431 149776310
Rx 0.286 1 1 3 1431 149753910
Rx 0.286 1 1 3 1431 149731510
Rx 0.286 1 1 3 1431 149709110
Rx 0.286 1 1 3 1431 149686710
Rx 0.287 1 1 3 1431 150664310
Rx 0.287 1 1 3 1431 150641910
Rx 0.287 1 1 3 1431 150619510
Rx 0.287 1 1 3 1431 150597110
Rx 0.287 1 1 3 1431 150574710
Rx 0.287 1 1 3 1431 150552310
Rx 0.288 1 1 3 1431 151529910
Rx 0.288 1 1 3 1431 151507510
Rx 0.288 1 1 3 1431 151485110
Rx 0.288 1 1 3 1431 151462710
Rx 0.288 1 1 3 1431 151440310
Rx 0.288 1 1 3 1431 151417910
Rx 0.288 1 1 3 1431 151395510
Rx 0.289 1 1 3 1431 152373110
Rx 0.289 1 1 3 1431 152350710
Rx 0.289 1 1 3 1431 152328310
Rx 0.289 1 1 3 1431 152305910
Rx 0.289 1 1 3 1431 152283510
Rx 0.289 1 1 3 1431 152261110
Rx 0.29 1 1 3 1431 153238710
Rx 0.29 1 1 3 1431 153216310
Rx 0.29 1 1 3 1431 153193910
Rx 0.29 1 1 3 1431 153171510
Rx 0.29 1 1 3 1431 153149110
Rx 0.29 1 1 3 1431 153126710
Rx 0.29 1 1 3 1431 153104310
Rx 0.291 1 1 3 1431 154081910
Rx 0.291 1 1 3 1431 154059510
Rx 0.291 1 1 3 1431 154037110
Rx 0.291 1 1 3 1431 154014710
Rx 0.291 1 1 3 1431 153992310
Rx 0.291 1 1 3 1431 153969910
Rx 0.292 1 1 3 1431 154947510
Rx 0.292 1 1 3 1431 154925110
Rx 0.292 1 1 3 1431 154902710
Rx 0.292 1 1 3 1431 154880310
Rx 0.292 1 1 3 1431 154857910
Rx 0.292 1 1 3 1431 154835510
Rx 0.292 1 1 3 1431 154813110
Rx 0.293 1 1 3 1431 155790710
Rx 0.293 1 1 3 1431 155768310
Rx 0.293 1 1 3 1431 155745910
Rx 0.293 1 1 3 1431 155723510
Rx 0.293 1 1 3 1431 155701110
Rx 0.293 1 1 3 1431 155678710
Rx 0.293 1 1 3 1431 155656310
Rx 0.294 1 1 3 1431 156633910
Rx 0.294 1 1 3 1431 156611510
Rx 0.294 1 1 3 1431 156589110
Rx 0.294 1 1 3 1431 156566710
Rx 0.294 1 1 3 1431 156544310
Rx 0.294 1 1 3 1431 156521910
Rx 0.295 1 1 3 1431 157499510
Rx 0.295 1 1 3 1431 157477110
Rx 0.295 1 1 3 1431 157454710
Rx 0.295 1 1 3 1431 157432310
Rx 0.295 1 1 3 1431 157409910
Rx 0.295 1 1 3 1431 157387510
Rx 0.295 1 1 3 1431 157365110
Rx 0.296 1 1 3 1431 158342710
Rx 0.296 1 1 3 1431 158320310
Rx 0.296 1 1 3 1431 158297910
Rx 0.296 1 1 3 1431 158275510
Rx 0.296 1 1 3 1431 158253110
Rx 0.296 1 1 3 1431 158230710
Rx 0.297 1 1 3 1431 159208310
Rx 0.297 1 1 3 1431 159185910
Rx 0.297 1 1 3 1431 159163510
Rx 0.297 1 1 3 1431 159141110
Rx 0.297 1 1 3 1431 159118710
Rx 0.297 1 1 3 1431 159096310
Rx 0.297 1 1 3 1431 159073910
Rx 0.298 1 1 3 1431 160051510
Rx 0.298 1 1 3 1431 160029110
Rx 0.298 1 1 3 1431 160006710
Rx 0.298 1 1 3 1431 159984310
Rx 0.298 1 1 3 1431 159961910
Rx 0.298 1 1 3 1431 159939510
Rx 0.299 1 1 3 1431 160917110
Rx 0.299 1 1 3 1431 160894710
Rx 0.299 1 1 3 1431 160872310
Rx 0.299 1 1 3 1431 160849910
Rx 0.299 1 1 3 1431 160827510
Rx 0.299 1 1 3 1431 160805110
Rx 0.299 1 1 3 1431 160782710
Rx 0.3 1 1 3 1431 161760310
Rx 0.3 1 1 3 1431 161737910
Rx 0.3 1 1 3 1431 161715510
Rx 0.3 1 1 3 1431 161693110
Rx 0.3 1 1 3 1431 161670710
Rx 0.3 1 1 3 1431 161648310
Rx 0.3 1 1 3 1431 161625910
Rx 0.301 1 1 3 1431 162603510
Rx 0.301 1 1 3 1431 162581110
Rx 0.301 1 1 3 1431 162558710
Rx 0.301 1 1 3 1431 162536310
Rx 0.301 1 1 3 1431 162513910
Rx 0.301 1 1 3 1431 162491510
Rx 0.302 1 1 3 1431 163469110
Rx 0.302 1 1 3 1431 163446710
Rx 0.302 1 1 3 1431 163424310
Rx 0.302 1 1 3 1431 163401910
Rx 0.302 1 1 3 1431 163379510
Rx 0.302 1 1 3 1431 163357110
Rx 0.302 1 1 3 1431 163334710
Rx 0.303 1 1 3 1431 164312310
Rx 0.303 1 1 3 1431 164289910
Rx 0.303 1 1 3 1431 164267510
Rx 0.303 1 1 3 1431 164245110
Rx 0.303 1 1 3 1431 164222710
Rx 0.303 1 1 3 1431 164200310
Rx 0.304 1 1 3 1431 165177910
Rx 0.304 1 1 3 1431 165155510
Rx 0.304 1 1 3 1431 165133110
Rx 0.304 1 1 3 1431 165110710
Rx 0.304 1 1 3 1431 165088310
Rx 0.304 1 1 3 1431 165065910
Rx 0.304 1 1 3 1431 165043510
Rx 0.305 1 1 3 1431 166021110
Rx 0.305 1 1 3 1431 165998710
Rx 0.305 1 1 3 1431 165976310
Rx 0.305 1 1 3 1431 165953910
Rx 0.305 1 1 3 1431 165931510
Rx 0.305 1 1 3 1431 165909110
Rx 0.306 1 1 3 1431 166886710
Rx 0.306 1 1 3 1431 166864310
Rx 0.306 1 1 3 1431 166841910
Rx 0.306 1 1 3 1431 166819510
Rx 0.306 1 1 3 1431 166797110
Rx 0.306 1 1 3 1431 166774710
Rx 0.306 1 1 3 1431 166752310
Rx 0.307 1 1 3 1431 167729910
Rx 0.307 1 1 3 1431 167707510
Rx 0.307 1 1 3 1431 167685110
Rx 0.307 1 1 3 1431 167662710
Rx 0.307 1 1 3 1431 167640310
Rx 0.307 1 1 3 1431 167617910
Rx 0.307 1 1 3 1431 167595510
Rx 0.308 1 1 3 1431 168573110
Rx 0.308 1 1 3 1431 168550710
Rx 0.308 1 1 3 1431 168528310
Rx 0.308 1 1 3 1431 168505910
Rx 0.308 1 1 3 1431 168483510
Rx 0.308 1 1 3 1431 168461110
Rx 0.309 1 1 3 1431 169438710
Rx 0.309 1 1 3 1431 169416310
Rx 0.309 1 1 3 1431 169393910
Rx 0.309 1 1 3 1431 169371510
Rx 0.309 1 1 3 1431 169349110
Rx 0.309 1 1 3 1431 169326710
Rx 0.309 1 1 3 1431 169304310
Rx 0.31 1 1 3 1431 170281910
Rx 0.31 1 1 3 1431 170259510
Rx 0.31 1 1 3 1431 170237110
Rx 0.31 1 1 3 1431 170214710
Rx 0.31 1 1 3 1431 170192310
Rx 0.31 1 1 3 1431 170169910
Rx 0.311 1 1 3 1431 171147510
Rx 0.311 1 1 3 1431 171125110
Rx 0.311 1 1 3 1431 171102710
Rx 0.311 1 1 3 1431 171080310
Rx 0.311 1 1 3 1431 171057910
Rx 0.311 1 1 3 1431 171035510
Rx 0.311 1 1 3 1431 171013110
Rx 0.312 1 1 3 1431 171990710
Rx 0.312 1 1 3 1431 171968310
Rx 0.312 1 1 3 1431 171945910
Rx 0.312 1 1 3 1431 171923510
Rx 0.312 1 1 3 1431 171901110
Rx 0.312 1 1 3 1431 171878710
Rx 0.312 1 1 3 1431 171856310
Rx 0.313 1 1 3 1431 172833910
Rx 0.313 1 1 3 1431 172811510
Rx 0.313 1 1 3 1431 172789110
Rx 0.313 1 1 3 1431 172766710
Rx 0.313 1 1 3 1431 172744310
Rx 0.313 1 1 3 1431 172721910
Rx 0.314 1 1 3 1431 173699510
Rx 0.314 1 1 3 1431 173677110
Rx 0.314 1 1 3 1431 173654710
Rx 0.314 1 1 3 1431 173632310
Rx 0.314 1 1 3 1431 173609910
Rx 0.314 1 1 3 1431 173587510
Rx 0.314 1 1 3 1431 173565110
Rx 0.315 1 1 3 1431 174542710
Rx 0.315 1 1 3 1431 174520310
Rx 0.315 1 1 3 1431 174497910
Rx 0.315 1 1 3 1431 174475510
Rx 0.315 1 1 3 1431 174453110
Rx 0.315 1 1 3 1431 174430710
Rx 0.316 1 1 3 1431 175408310
Rx 0.316 1 1 3 1431 175385910
Rx 0.316 1 1 3 1431 175363510
Rx 0.316 1 1 3 1431 175341110
Rx 0.316 1 1 3 1431 175318710
Rx 0.316 1 1 3 1431 175296310
Rx 0.316 1 1 3 1431 175273910
Rx 0.317 1 1 3 1431 176251510
Rx 0.317 1 1 3 1431 176229110
Rx 0.317 1 1 3 1431 176206710
Rx 0.317 1 1 3 1431 176184310
Rx 0.317 1 1 3 1431 176161910
Rx 0.317 1 1 3 1431 176139510
