Tx 0.007 1 1 0 12 
Rx 0.01 1 1 0 12 2999999
Tx 0.022 1 1 0 5 
Tx 0.023 1 1 1 42 
Rx 0.025 1 1 0 5 2999999
Tx 0.0334 3 1 0 12 
Rx 0.041 1 1 1 2 0
Tx 0.112 1 1 3 9422 
Tx 0.113 1 1 3 9422 
Tx 0.114 1 1 3 9422 
Rx 0.115 1 1 3 9422 2999999
Tx 0.115 1 1 3 9422 
Rx 0.116 1 1 3 9422 2999999
Tx 0.116 1 1 3 9422 
Rx 0.117 1 1 3 9422 2999999
Tx 0.117 1 1 3 9422 
Rx 0.118 1 1 3 9422 2999999
Tx 0.118 1 1 3 9422 
Rx 0.119 1 1 3 9422 2999999
Tx 0.119 1 1 3 9422 
Rx 0.12 1 1 3 9422 2999999
Tx 0.12 1 1 3 9422 
Rx 0.121 1 1 3 9422 2999999
Tx 0.121 1 1 3 9422 
Rx 0.122 1 1 3 9422 2999999
Tx 0.122 1 1 3 9422 
Rx 0.123 1 1 3 9422 2999999
Tx 0.123 1 1 3 9422 
Rx 0.124 1 1 3 9422 2999999
Tx 0.124 1 1 3 9422 
Rx 0.125 1 1 3 9422 2999999
Tx 0.125 1 1 3 9422 
Rx 0.126 1 1 3 9422 2999999
Tx 0.126 1 1 3 9422 
Rx 0.127 1 1 3 9422 2999999
Tx 0.127 1 1 3 9422 
Rx 0.128 1 1 3 9422 2999999
Tx 0.128 1 1 3 9422 
Rx 0.129 1 1 3 9422 2999999
Tx 0.129 1 1 3 9422 
Rx 0.13 1 1 3 9422 2999999
Tx 0.13 1 1 3 9422 
Rx 0.131 1 1 3 9422 2999999
Tx 0.131 1 1 3 9422 
Rx 0.132 1 1 3 9422 2999999
Tx 0.132 1 1 3 9422 
Rx 0.133 1 1 3 9422 2999999
Tx 0.133 1 1 3 9422 
Rx 0.134 1 1 3 9422 2999999
Tx 0.134 1 1 3 9422 
Rx 0.135 1 1 3 9422 2999999
Tx 0.135 1 1 3 9422 
Rx 0.136 1 1 3 9422 2999999
Tx 0.136 1 1 3 9422 
Rx 0.137 1 1 3 9422 2999999
Tx 0.137 1 1 3 9422 
Rx 0.138 1 1 3 9422 2999999
Tx 0.138 1 1 3 9422 
Rx 0.139 1 1 3 9422 2999999
Tx 0.139 1 1 3 9422 
Rx 0.14 1 1 3 9422 2999999
Tx 0.14 1 1 3 9422 
Rx 0.141 1 1 3 9422 2999999
Tx 0.141 1 1 3 9422 
Rx 0.142 1 1 3 9422 2999999
Tx 0.142 1 1 3 9422 
Rx 0.143 1 1 3 9422 2999999
Tx 0.143 1 1 3 9422 
Rx 0.144 1 1 3 9422 2999999
Tx 0.144 1 1 3 9422 
Rx 0.145 1 1 3 9422 2999999
Tx 0.145 1 1 3 9422 
Rx 0.146 1 1 3 9422 2999999
Tx 0.146 1 1 3 9422 
Rx 0.147 1 1 3 9422 2999999
Tx 0.147 1 1 3 9422 
Rx 0.148 1 1 3 9422 2999999
Tx 0.148 1 1 3 9422 
Rx 0.149 1 1 3 9422 2999999
Tx 0.149 1 1 3 9422 
Rx 0.15 1 1 3 9422 2999999
Tx 0.15 1 1 3 9422 
Rx 0.151 1 1 3 9422 2999999
Tx 0.151 1 1 3 9422 
Rx 0.152 1 1 3 9422 2999999
Tx 0.152 1 1 3 9422 
Rx 0.153 1 1 3 9422 2999999
Tx 0.153 1 1 3 9422 
Rx 0.154 1 1 3 9422 2999999
Tx 0.154 1 1 3 9422 
Rx 0.155 1 1 3 9422 2999999
Tx 0.155 1 1 3 9422 
Rx 0.156 1 1 3 9422 2999999
Tx 0.156 1 1 3 9422 
Rx 0.157 1 1 3 9422 2999999
Tx 0.157 1 1 3 9422 
Rx 0.158 1 1 3 9422 2999999
Tx 0.158 1 1 3 9422 
Rx 0.159 1 1 3 9422 2999999
Tx 0.159 1 1 3 9422 
Rx 0.16 1 1 3 9422 2999999
Tx 0.16 1 1 3 9422 
Rx 0.161 1 1 3 9422 2999999
Tx 0.161 1 1 3 9422 
Rx 0.162 1 1 3 9422 2999999
Tx 0.162 1 1 3 9422 
Rx 0.163 1 1 3 9422 2999999
Tx 0.163 1 1 3 9422 
Rx 0.164 1 1 3 9422 2999999
Tx 0.164 1 1 3 9422 
Rx 0.165 1 1 3 9422 2999999
Tx 0.165 1 1 3 9422 
Rx 0.166 1 1 3 9422 2999999
Tx 0.166 1 1 3 9422 
Rx 0.167 1 1 3 9422 2999999
Tx 0.167 1 1 3 9422 
Rx 0.168 1 1 3 9422 2999999
Tx 0.168 1 1 3 9422 
Rx 0.169 1 1 3 9422 2999999
Tx 0.169 1 1 3 9422 
Rx 0.17 1 1 3 9422 2999999
Tx 0.17 1 1 3 9422 
Rx 0.171 1 1 3 9422 2999999
Tx 0.171 1 1 3 9422 
Rx 0.172 1 1 3 9422 2999999
Tx 0.172 1 1 3 9422 
Rx 0.173 1 1 3 9422 2999999
Tx 0.173 1 1 3 9422 
Rx 0.174 1 1 3 9422 2999999
Tx 0.174 1 1 3 9422 
Rx 0.175 1 1 3 9422 2999999
Tx 0.175 1 1 3 9422 
Rx 0.176 1 1 3 9422 2999999
Tx 0.176 1 1 3 9422 
Rx 0.177 1 1 3 9422 2999999
Tx 0.177 1 1 3 9422 
Rx 0.178 1 1 3 9422 2999999
Tx 0.178 1 1 3 9422 
Rx 0.179 1 1 3 9422 2999999
Tx 0.179 1 1 3 9422 
Rx 0.18 1 1 3 9422 2999999
Tx 0.18 1 1 3 9422 
Rx 0.181 1 1 3 9422 2999999
Tx 0.181 1 1 3 9422 
Rx 0.182 1 1 3 9422 2999999
Tx 0.182 1 1 3 9422 
Rx 0.183 1 1 3 9422 2999999
Tx 0.183 1 1 3 9422 
Rx 0.184 1 1 3 9422 2999999
Tx 0.184 1 1 3 9422 
Rx 0.185 1 1 3 9422 2999999
Tx 0.185 1 1 3 9422 
Rx 0.186 1 1 3 9422 2999999
Tx 0.186 1 1 3 9422 
Rx 0.187 1 1 3 9422 2999999
Tx 0.187 1 1 3 9422 
Rx 0.188 1 1 3 9422 2999999
Tx 0.188 1 1 3 9422 
Rx 0.189 1 1 3 9422 2999999
Tx 0.189 1 1 3 9422 
Rx 0.19 1 1 3 9422 2999999
Tx 0.19 1 1 3 9422 
Rx 0.191 1 1 3 9422 2999999
Tx 0.191 1 1 3 9422 
Rx 0.192 1 1 3 9422 2999999
Tx 0.192 1 1 3 9422 
Rx 0.193 1 1 3 9422 2999999
Tx 0.193 1 1 3 9422 
Rx 0.194 1 1 3 9422 2999999
Tx 0.194 1 1 3 9422 
Rx 0.195 1 1 3 9422 2999999
Tx 0.195 1 1 3 9422 
Rx 0.196 1 1 3 9422 2999999
Tx 0.196 1 1 3 9422 
Rx 0.197 1 1 3 9422 2999999
Tx 0.197 1 1 3 9422 
Rx 0.198 1 1 3 9422 2999999
Tx 0.198 1 1 3 9422 
Rx 0.199 1 1 3 9422 2999999
Tx 0.199 1 1 3 9422 
Rx 0.2 1 1 3 9422 2999999
Tx 0.2 1 1 3 9422 
Rx 0.201 1 1 3 9422 2999999
Tx 0.201 1 1 3 9422 
Rx 0.202 1 1 3 9422 2999999
Tx 0.202 1 1 3 9422 
Rx 0.203 1 1 3 9422 2999999
Tx 0.203 1 1 3 9422 
Rx 0.204 1 1 3 9422 2999999
Tx 0.204 1 1 3 9422 
Rx 0.205 1 1 3 9422 2999999
Tx 0.205 1 1 3 9422 
Rx 0.206 1 1 3 9422 2999999
Tx 0.206 1 1 3 9422 
Rx 0.207 1 1 3 9422 2999999
Tx 0.207 1 1 3 9422 
Rx 0.208 1 1 3 9422 2999999
Tx 0.208 1 1 3 9422 
Rx 0.209 1 1 3 9422 2999999
Tx 0.209 1 1 3 9422 
Rx 0.21 1 1 3 9422 2999999
Tx 0.21 1 1 3 9422 
Rx 0.211 1 1 3 9422 2999999
Tx 0.211 1 1 3 9422 
Rx 0.212 1 1 3 9422 2999999
Tx 0.212 1 1 3 9422 
Rx 0.213 1 1 3 9422 2999999
Tx 0.213 1 1 3 9422 
Rx 0.214 1 1 3 9422 2999999
Tx 0.214 1 1 3 9422 
Rx 0.215 1 1 3 9422 2999999
Tx 0.215 1 1 3 9422 
Rx 0.216 1 1 3 9422 2999999
Tx 0.216 1 1 3 9422 
Rx 0.217 1 1 3 9422 2999999
Tx 0.217 1 1 3 9422 
Rx 0.218 1 1 3 9422 2999999
Tx 0.218 1 1 3 9422 
Rx 0.219 1 1 3 9422 2999999
Tx 0.219 1 1 3 9422 
Rx 0.22 1 1 3 9422 2999999
Tx 0.22 1 1 3 9422 
Rx 0.221 1 1 3 9422 2999999
Tx 0.221 1 1 3 9422 
Rx 0.222 1 1 3 9422 2999999
Tx 0.222 1 1 3 9422 
Rx 0.223 1 1 3 9422 2999999
Tx 0.223 1 1 3 9422 
Rx 0.224 1 1 3 9422 2999999
Tx 0.224 1 1 3 9422 
Rx 0.225 1 1 3 9422 2999999
Tx 0.225 1 1 3 9422 
Rx 0.226 1 1 3 9422 2999999
Tx 0.226 1 1 3 9422 
Rx 0.227 1 1 3 9422 2999999
Tx 0.227 1 1 3 9422 
Rx 0.228 1 1 3 9422 2999999
Tx 0.228 1 1 3 9422 
Rx 0.229 1 1 3 9422 2999999
Tx 0.229 1 1 3 9422 
Rx 0.23 1 1 3 9422 2999999
Tx 0.23 1 1 3 9422 
Rx 0.231 1 1 3 9422 2999999
Tx 0.231 1 1 3 9422 
Rx 0.232 1 1 3 9422 2999999
Tx 0.232 1 1 3 9422 
Rx 0.233 1 1 3 9422 2999999
Tx 0.233 1 1 3 9422 
Rx 0.234 1 1 3 9422 2999999
Tx 0.234 1 1 3 9422 
Rx 0.235 1 1 3 9422 2999999
Tx 0.235 1 1 3 9422 
Rx 0.236 1 1 3 9422 2999999
Tx 0.236 1 1 3 9422 
Rx 0.237 1 1 3 9422 2999999
Tx 0.237 1 1 3 9422 
Rx 0.238 1 1 3 9422 2999999
Tx 0.238 1 1 3 9422 
Rx 0.239 1 1 3 9422 2999999
Tx 0.239 1 1 3 9422 
Rx 0.24 1 1 3 9422 2999999
Tx 0.24 1 1 3 9422 
Rx 0.241 1 1 3 9422 2999999
Tx 0.241 1 1 3 9422 
Rx 0.242 1 1 3 9422 2999999
Tx 0.242 1 1 3 9422 
Rx 0.243 1 1 3 9422 2999999
Tx 0.243 1 1 3 9422 
Rx 0.244 1 1 3 9422 2999999
Tx 0.244 1 1 3 9422 
Rx 0.245 1 1 3 9422 2999999
Tx 0.245 1 1 3 9422 
Rx 0.246 1 1 3 9422 2999999
Tx 0.246 1 1 3 9422 
Rx 0.247 1 1 3 9422 2999999
Tx 0.247 1 1 3 9422 
Rx 0.248 1 1 3 9422 2999999
Tx 0.248 1 1 3 9422 
Rx 0.249 1 1 3 9422 2999999
Tx 0.249 1 1 3 9422 
Rx 0.25 1 1 3 9422 2999999
Tx 0.25 1 1 3 9422 
Rx 0.251 1 1 3 9422 2999999
Tx 0.251 1 1 3 9422 
Rx 0.252 1 1 3 9422 2999999
Tx 0.252 1 1 3 9422 
Rx 0.253 1 1 3 9422 2999999
Tx 0.253 1 1 3 9422 
Rx 0.254 1 1 3 9422 2999999
Tx 0.254 1 1 3 9422 
Rx 0.255 1 1 3 9422 2999999
Tx 0.255 1 1 3 9422 
Rx 0.256 1 1 3 9422 2999999
Tx 0.256 1 1 3 9422 
Rx 0.257 1 1 3 9422 2999999
Tx 0.257 1 1 3 9422 
Rx 0.258 1 1 3 9422 2999999
Tx 0.258 1 1 3 9422 
Rx 0.259 1 1 3 9422 2999999
Tx 0.259 1 1 3 9422 
Rx 0.26 1 1 3 9422 2999999
Tx 0.26 1 1 3 9422 
Rx 0.261 1 1 3 9422 2999999
Tx 0.261 1 1 3 9422 
Rx 0.262 1 1 3 9422 2999999
Tx 0.262 1 1 3 9422 
Rx 0.263 1 1 3 9422 2999999
Tx 0.263 1 1 3 9422 
Rx 0.264 1 1 3 9422 2999999
Tx 0.264 1 1 3 9422 
Rx 0.265 1 1 3 9422 2999999
Tx 0.265 1 1 3 9422 
Rx 0.266 1 1 3 9422 2999999
Tx 0.266 1 1 3 9422 
Rx 0.267 1 1 3 9422 2999999
Tx 0.267 1 1 3 9422 
Rx 0.268 1 1 3 9422 2999999
Tx 0.268 1 1 3 9422 
Rx 0.269 1 1 3 9422 2999999
Tx 0.269 1 1 3 9422 
Rx 0.27 1 1 3 9422 2999999
Tx 0.27 1 1 3 9422 
Rx 0.271 1 1 3 9422 2999999
Tx 0.271 1 1 3 9422 
Rx 0.272 1 1 3 9422 2999999
Tx 0.272 1 1 3 9422 
Rx 0.273 1 1 3 9422 2999999
Tx 0.273 1 1 3 9422 
Rx 0.274 1 1 3 9422 2999999
Tx 0.274 1 1 3 9422 
Rx 0.275 1 1 3 9422 2999999
Tx 0.275 1 1 3 9422 
Rx 0.276 1 1 3 9422 2999999
Tx 0.276 1 1 3 9422 
Rx 0.277 1 1 3 9422 2999999
Tx 0.277 1 1 3 9422 
Rx 0.278 1 1 3 9422 2999999
Tx 0.278 1 1 3 9422 
Rx 0.279 1 1 3 9422 2999999
Tx 0.279 1 1 3 9422 
Rx 0.28 1 1 3 9422 2999999
Tx 0.28 1 1 3 9422 
Rx 0.281 1 1 3 9422 2999999
Tx 0.281 1 1 3 9422 
Rx 0.282 1 1 3 9422 2999999
Tx 0.282 1 1 3 9422 
Rx 0.283 1 1 3 9422 2999999
Tx 0.283 1 1 3 9422 
Rx 0.284 1 1 3 9422 2999999
Tx 0.284 1 1 3 9422 
Rx 0.285 1 1 3 9422 2999999
Tx 0.285 1 1 3 9422 
Rx 0.286 1 1 3 9422 2999999
Tx 0.286 1 1 3 9422 
Rx 0.287 1 1 3 9422 2999999
Tx 0.287 1 1 3 9422 
Rx 0.288 1 1 3 9422 2999999
Tx 0.288 1 1 3 9422 
Rx 0.289 1 1 3 9422 2999999
Tx 0.289 1 1 3 9422 
Rx 0.29 1 1 3 9422 2999999
Tx 0.29 1 1 3 9422 
Rx 0.291 1 1 3 9422 2999999
Tx 0.291 1 1 3 9422 
Rx 0.292 1 1 3 9422 2999999
Tx 0.292 1 1 3 9422 
Rx 0.293 1 1 3 9422 2999999
Tx 0.293 1 1 3 9422 
Rx 0.294 1 1 3 9422 2999999
Tx 0.294 1 1 3 9422 
Rx 0.295 1 1 3 9422 2999999
Tx 0.295 1 1 3 9422 
Rx 0.296 1 1 3 9422 2999999
Tx 0.296 1 1 3 9422 
Rx 0.297 1 1 3 9422 2999999
Tx 0.297 1 1 3 9422 
Rx 0.298 1 1 3 9422 2999999
Tx 0.298 1 1 3 9422 
Rx 0.299 1 1 3 9422 2999999
Tx 0.299 1 1 3 9422 
Rx 0.3 1 1 3 9422 2999999
Tx 0.3 1 1 3 9422 
Rx 0.301 1 1 3 9422 2999999
Tx 0.301 1 1 3 9422 
Rx 0.302 1 1 3 9422 2999999
Tx 0.302 1 1 3 9422 
Rx 0.303 1 1 3 9422 2999999
Tx 0.303 1 1 3 9422 
Rx 0.304 1 1 3 9422 2999999
Tx 0.304 1 1 3 9422 
Rx 0.305 1 1 3 9422 2999999
Tx 0.305 1 1 3 9422 
Rx 0.306 1 1 3 9422 2999999
Tx 0.306 1 1 3 9422 
Rx 0.307 1 1 3 9422 2999999
Tx 0.307 1 1 3 9422 
Rx 0.308 1 1 3 9422 2999999
Tx 0.308 1 1 3 9422 
Rx 0.309 1 1 3 9422 2999999
Tx 0.309 1 1 3 9422 
Rx 0.31 1 1 3 9422 2999999
Tx 0.31 1 1 3 9422 
Rx 0.311 1 1 3 9422 2999999
Tx 0.311 1 1 3 9422 
Rx 0.312 1 1 3 9422 2999999
Tx 0.312 1 1 3 9422 
Rx 0.313 1 1 3 9422 2999999
Tx 0.313 1 1 3 9422 
Rx 0.314 1 1 3 9422 2999999
Tx 0.314 1 1 3 9422 
Rx 0.315 1 1 3 9422 2999999
Tx 0.315 1 1 3 9422 
Rx 0.316 1 1 3 9422 2999999
Tx 0.316 1 1 3 9422 
Rx 0.317 1 1 3 9422 2999999
Tx 0.317 1 1 3 9422 
