0.011 1 1 0
0.011 2 1 0
0.0142143 2 1 0
0.0142143 1 1 0
0.021 1 1 0
0.021 2 1 0
0.0242143 2 1 0
0.0242143 1 1 0
0.031 1 1 0
0.031 2 1 0
0.0342143 2 1 0
0.0342143 1 1 0
0.041 1 1 0
0.041 2 1 0
0.0442143 2 1 0
0.0442143 1 1 0
0.051 1 1 0
0.051 2 1 0
0.0542143 2 1 0
0.0542143 1 1 0
0.061 1 1 0
0.061 2 1 0
0.0642143 2 1 0
0.0642143 1 1 0
0.071 1 1 0
0.071 2 1 0
0.0742143 2 1 0
0.0742143 1 1 0
0.081 1 1 0
0.081 2 1 0
0.0842143 2 1 0
0.0842143 1 1 0
0.091 1 1 0
0.091 2 1 0
0.0942143 2 1 0
0.0942143 1 1 0
0.101 1 1 0
0.101 2 1 0
0.104214 2 1 0
0.104214 1 1 0
0.111 1 1 0
0.111 2 1 0
0.114214 2 1 0
0.114214 1 1 0
0.121 1 1 0
0.121 2 1 0
0.124214 2 1 0
0.124214 1 1 0
0.131 1 1 0
0.131 2 1 0
0.134214 2 1 0
0.134214 1 1 0
0.141 1 1 0
0.141 2 1 0
0.144214 2 1 0
0.144214 1 1 0
0.151 1 1 0
0.151 2 1 0
0.154214 2 1 0
0.154214 1 1 0
0.161 1 1 0
0.161 2 1 0
0.164214 2 1 0
0.164214 1 1 0
0.171 1 1 0
0.171 2 1 0
0.174214 2 1 0
0.174214 1 1 0
0.181 1 1 0
0.181 2 1 0
0.184214 2 1 0
0.184214 1 1 0
0.191 1 1 0
0.191 2 1 0
0.194214 2 1 0
0.194214 1 1 0
0.201 1 1 0
0.201 2 1 0
0.204214 2 1 0
0.204214 1 1 0
0.211 1 1 0
0.211 2 1 0
0.214214 2 1 0
0.214214 1 1 0
0.221 1 1 0
0.221 2 1 0
0.224214 2 1 0
0.224214 1 1 0
0.231 1 1 0
0.231 2 1 0
0.234214 2 1 0
0.234214 1 1 0
0.241 1 1 0
0.241 2 1 0
0.244214 2 1 0
0.244214 1 1 0
0.251 1 1 0
0.251 2 1 0
0.254214 2 1 0
0.254214 1 1 0
0.261 1 1 0
0.261 2 1 0
0.264214 2 1 0
0.264214 1 1 0
0.271 1 1 0
0.271 2 1 0
0.274214 2 1 0
0.274214 1 1 0
0.281 1 1 0
0.281 2 1 0
0.284214 2 1 0
0.284214 1 1 0
0.291 1 1 0
0.291 2 1 0
0.294214 2 1 0
0.294214 1 1 0
0.301 1 1 0
0.301 2 1 0
0.304214 2 1 0
0.304214 1 1 0
0.311 1 1 0
0.311 2 1 0
0.314214 2 1 0
0.314214 1 1 0
0.321 1 1 0
0.321 2 1 0
0.324214 2 1 0
0.324214 1 1 0
0.331 1 1 0
0.331 2 1 0
0.334214 2 1 0
0.334214 1 1 0
0.341 1 1 0
0.341 2 1 0
0.344214 2 1 0
0.344214 1 1 0
0.351 1 1 0
0.351 2 1 0
0.354214 2 1 0
0.354214 1 1 0
0.361 1 1 0
0.361 2 1 0
0.364214 2 1 0
0.364214 1 1 0
0.371 1 1 0
0.371 2 1 0
0.374214 2 1 0
0.374214 1 1 0
0.381 1 1 0
0.381 2 1 0
0.384214 2 1 0
0.384214 1 1 0
0.391 1 1 0
0.391 2 1 0
0.394214 2 1 0
0.394214 1 1 0
0.401 1 1 0
0.401 2 1 0
0.404214 2 1 0
0.404214 1 1 0
0.411 1 1 0
0.411 2 1 0
0.414214 2 1 0
0.414214 1 1 0
0.421 1 1 0
0.421 2 1 0
0.424214 2 1 0
0.424214 1 1 0
0.431 1 1 0
0.431 2 1 0
0.434214 2 1 0
0.434214 1 1 0
0.441 1 1 0
0.441 2 1 0
0.444214 2 1 0
0.444214 1 1 0
0.451 1 1 0
0.451 2 1 0
0.454214 2 1 0
0.454214 1 1 0
0.461 1 1 0
0.461 2 1 0
0.464214 2 1 0
0.464214 1 1 0
0.471 1 1 0
0.471 2 1 0
0.474214 2 1 0
0.474214 1 1 0
0.481 1 1 0
0.481 2 1 0
0.484214 2 1 0
0.484214 1 1 0
0.491 1 1 0
0.491 2 1 0
0.494214 2 1 0
0.494214 1 1 0
0.501 1 1 0
0.501 2 1 0
0.504214 2 1 0
0.504214 1 1 0
0.511 1 1 0
0.511 2 1 0
0.514214 2 1 0
0.514214 1 1 0
0.521 1 1 0
0.521 2 1 0
0.524214 2 1 0
0.524214 1 1 0
0.531 1 1 0
0.531 2 1 0
0.534214 2 1 0
0.534214 1 1 0
0.541 1 1 0
0.541 2 1 0
0.544214 2 1 0
0.544214 1 1 0
0.551 1 1 0
0.551 2 1 0
0.554214 2 1 0
0.554214 1 1 0
0.561 1 1 0
0.561 2 1 0
0.564214 2 1 0
0.564214 1 1 0
0.571 1 1 0
0.571 2 1 0
0.574214 2 1 0
0.574214 1 1 0
0.581 1 1 0
0.581 2 1 0
0.584214 2 1 0
0.584214 1 1 0
0.591 1 1 0
0.591 2 1 0
0.594214 2 1 0
0.594214 1 1 0
0.601 1 1 0
0.601 2 1 0
0.604214 2 1 0
0.604214 1 1 0
0.611 1 1 0
0.611 2 1 0
0.614214 2 1 0
0.614214 1 1 0
0.621 1 1 0
0.621 2 1 0
0.624214 2 1 0
0.624214 1 1 0
0.631 1 1 0
0.631 2 1 0
0.634214 2 1 0
0.634214 1 1 0
0.641 1 1 0
0.641 2 1 0
0.644214 2 1 0
0.644214 1 1 0
0.651 1 1 0
0.651 2 1 0
0.654214 2 1 0
0.654214 1 1 0
0.661 1 1 0
0.661 2 1 0
0.664214 2 1 0
0.664214 1 1 0
0.671 1 1 0
0.671 2 1 0
0.674214 2 1 0
0.674214 1 1 0
0.681 1 1 0
0.681 2 1 0
0.684214 2 1 0
0.684214 1 1 0
0.691 1 1 0
0.691 2 1 0
0.694214 2 1 0
0.694214 1 1 0
0.701 1 1 0
0.701 2 1 0
0.704214 2 1 0
0.704214 1 1 0
0.711 1 1 0
0.711 2 1 0
0.714214 2 1 0
0.714214 1 1 0
0.721 1 1 0
0.721 2 1 0
0.724214 2 1 0
0.724214 1 1 0
0.731 1 1 0
0.731 2 1 0
0.734214 2 1 0
0.734214 1 1 0
0.741 1 1 0
0.741 2 1 0
0.744214 2 1 0
0.744214 1 1 0
0.751 1 1 0
0.751 2 1 0
0.754214 2 1 0
0.754214 1 1 0
0.761 1 1 0
0.761 2 1 0
0.764214 2 1 0
0.764214 1 1 0
0.771 1 1 0
0.771 2 1 0
0.774214 2 1 0
0.774214 1 1 0
0.781 1 1 0
0.781 2 1 0
0.784214 2 1 0
0.784214 1 1 0
0.791 1 1 0
0.791 2 1 0
0.794214 2 1 0
0.794214 1 1 0
0.801 1 1 0
0.801 2 1 0
0.804214 2 1 0
0.804214 1 1 0
0.811 1 1 0
0.811 2 1 0
0.814214 2 1 0
0.814214 1 1 0
0.821 1 1 0
0.821 2 1 0
0.824214 2 1 0
0.824214 1 1 0
0.831 1 1 0
0.831 2 1 0
0.834214 2 1 0
0.834214 1 1 0
0.841 1 1 0
0.841 2 1 0
0.844214 2 1 0
0.844214 1 1 0
0.851 1 1 0
0.851 2 1 0
0.854214 2 1 0
0.854214 1 1 0
0.861 1 1 0
0.861 2 1 0
0.864214 2 1 0
0.864214 1 1 0
0.871 1 1 0
0.871 2 1 0
0.874214 2 1 0
0.874214 1 1 0
0.881 1 1 0
0.881 2 1 0
0.884214 2 1 0
0.884214 1 1 0
0.891 1 1 0
0.891 2 1 0
0.894214 2 1 0
0.894214 1 1 0
0.901 1 1 0
0.901 2 1 0
0.904214 2 1 0
0.904214 1 1 0
0.911 1 1 0
0.911 2 1 0
0.914214 2 1 0
0.914214 1 1 0
0.921 1 1 0
0.921 2 1 0
0.924214 2 1 0
0.924214 1 1 0
0.931 1 1 0
0.931 2 1 0
0.934214 2 1 0
0.934214 1 1 0
0.941 1 1 0
0.941 2 1 0
0.944214 2 1 0
0.944214 1 1 0
0.951 1 1 0
0.951 2 1 0
0.954214 2 1 0
0.954214 1 1 0
0.961 1 1 0
0.961 2 1 0
0.964214 2 1 0
0.964214 1 1 0
0.971 1 1 0
0.971 2 1 0
0.974214 2 1 0
0.974214 1 1 0
0.981 1 1 0
0.981 2 1 0
0.984214 2 1 0
0.984214 1 1 0
0.991 1 1 0
0.991 2 1 0
0.994214 2 1 0
0.994214 1 1 0
1.001 1 1 0
1.001 2 1 0
1.00421 2 1 0
1.00421 1 1 0
1.011 1 1 0
1.011 2 1 0
1.01421 2 1 0
1.01421 1 1 0
1.021 1 1 0
1.021 2 1 0
1.02421 2 1 0
1.02421 1 1 0
1.031 1 1 0
1.031 2 1 0
1.03421 2 1 0
1.03421 1 1 0
1.041 1 1 0
1.041 2 1 0
1.04421 2 1 0
1.04421 1 1 0
1.051 1 1 0
1.051 2 1 0
1.05421 2 1 0
1.05421 1 1 0
1.061 1 1 0
1.061 2 1 0
1.06421 2 1 0
1.06421 1 1 0
1.071 1 1 0
1.071 2 1 0
1.07421 2 1 0
1.07421 1 1 0
1.081 1 1 0
1.081 2 1 0
1.08421 2 1 0
1.08421 1 1 0
1.091 1 1 0
1.091 2 1 0
1.09421 2 1 0
1.09421 1 1 0
1.101 1 1 0
1.101 2 1 0
1.10421 2 1 0
1.10421 1 1 0
1.111 1 1 0
1.111 2 1 0
1.11421 2 1 0
1.11421 1 1 0
1.121 1 1 0
1.121 2 1 0
1.12421 2 1 0
1.12421 1 1 0
1.131 1 1 0
1.131 2 1 0
1.13421 2 1 0
1.13421 1 1 0
1.141 1 1 0
1.141 2 1 0
1.14421 2 1 0
1.14421 1 1 0
1.151 1 1 0
1.151 2 1 0
1.15421 2 1 0
1.15421 1 1 0
1.161 1 1 0
1.161 2 1 0
1.16421 2 1 0
1.16421 1 1 0
1.171 1 1 0
1.171 2 1 0
1.17421 2 1 0
1.17421 1 1 0
1.181 1 1 0
1.181 2 1 0
1.18421 2 1 0
1.18421 1 1 0
1.191 1 1 0
1.191 2 1 0
1.19421 2 1 0
1.19421 1 1 0
1.201 1 1 0
1.201 2 1 0
1.20421 2 1 0
1.20421 1 1 0
1.211 1 1 0
1.211 2 1 0
1.21421 2 1 0
1.21421 1 1 0
1.221 1 1 0
1.221 2 1 0
1.22421 2 1 0
1.22421 1 1 0
1.231 1 1 0
1.231 2 1 0
1.23421 2 1 0
1.23421 1 1 0
1.241 1 1 0
1.241 2 1 0
1.24421 2 1 0
1.24421 1 1 0
1.251 1 1 0
1.251 2 1 0
1.25421 2 1 0
1.25421 1 1 0
1.261 1 1 0
1.261 2 1 0
1.26421 2 1 0
1.26421 1 1 0
1.271 1 1 0
1.271 2 1 0
1.27421 2 1 0
1.27421 1 1 0
1.281 1 1 0
1.281 2 1 0
1.28421 2 1 0
1.28421 1 1 0
1.291 1 1 0
1.291 2 1 0
1.29421 2 1 0
1.29421 1 1 0
1.301 1 1 0
1.301 2 1 0
1.30421 2 1 0
1.30421 1 1 0
1.311 1 1 0
1.311 2 1 0
1.31421 2 1 0
1.31421 1 1 0
1.321 1 1 0
1.321 2 1 0
1.32421 2 1 0
1.32421 1 1 0
1.331 1 1 0
1.331 2 1 0
1.33421 2 1 0
1.33421 1 1 0
1.341 1 1 0
1.341 2 1 0
1.34421 2 1 0
1.34421 1 1 0
1.351 1 1 0
1.351 2 1 0
1.35421 2 1 0
1.35421 1 1 0
1.361 1 1 0
1.361 2 1 0
1.36421 2 1 0
1.36421 1 1 0
1.371 1 1 0
1.371 2 1 0
1.37421 2 1 0
1.37421 1 1 0
1.381 1 1 0
1.381 2 1 0
1.38421 2 1 0
1.38421 1 1 0
1.391 1 1 0
1.391 2 1 0
1.39421 2 1 0
1.39421 1 1 0
1.401 1 1 0
1.401 2 1 0
1.40421 2 1 0
1.40421 1 1 0
1.411 1 1 0
1.411 2 1 0
1.41421 2 1 0
1.41421 1 1 0
1.421 1 1 0
1.421 2 1 0
1.42421 2 1 0
1.42421 1 1 0
1.431 1 1 0
1.431 2 1 0
1.43421 2 1 0
1.43421 1 1 0
1.441 1 1 0
1.441 2 1 0
1.44421 2 1 0
1.44421 1 1 0
1.451 1 1 0
1.451 2 1 0
1.45421 2 1 0
1.45421 1 1 0
1.461 1 1 0
1.461 2 1 0
1.46421 2 1 0
1.46421 1 1 0
1.471 1 1 0
1.471 2 1 0
1.47421 2 1 0
1.47421 1 1 0
1.481 1 1 0
1.481 2 1 0
1.48421 2 1 0
1.48421 1 1 0
1.491 1 1 0
1.491 2 1 0
1.49421 2 1 0
1.49421 1 1 0
1.501 1 1 0
1.501 2 1 0
1.50421 2 1 0
1.50421 1 1 0
1.511 1 1 0
1.511 2 1 0
1.51421 2 1 0
1.51421 1 1 0
1.521 1 1 0
1.521 2 1 0
1.52421 2 1 0
1.52421 1 1 0
1.531 1 1 0
1.531 2 1 0
1.53421 2 1 0
1.53421 1 1 0
1.541 1 1 0
1.541 2 1 0
1.54421 2 1 0
1.54421 1 1 0
1.551 1 1 0
1.551 2 1 0
1.55421 2 1 0
1.55421 1 1 0
1.561 1 1 0
1.561 2 1 0
1.56421 2 1 0
1.56421 1 1 0
1.571 1 1 0
1.571 2 1 0
1.57421 2 1 0
1.57421 1 1 0
1.581 1 1 0
1.581 2 1 0
1.58421 2 1 0
1.58421 1 1 0
1.591 1 1 0
1.591 2 1 0
1.59421 2 1 0
1.59421 1 1 0
1.601 1 1 0
1.601 2 1 0
1.60421 2 1 0
1.60421 1 1 0
1.611 1 1 0
1.611 2 1 0
1.61421 2 1 0
1.61421 1 1 0
1.621 1 1 0
1.621 2 1 0
1.62421 2 1 0
1.62421 1 1 0
1.631 1 1 0
1.631 2 1 0
1.63421 2 1 0
1.63421 1 1 0
1.641 1 1 0
1.641 2 1 0
1.64421 2 1 0
1.64421 1 1 0
1.651 1 1 0
1.651 2 1 0
1.65421 2 1 0
1.65421 1 1 0
1.661 1 1 0
1.661 2 1 0
1.66421 2 1 0
1.66421 1 1 0
1.671 1 1 0
1.671 2 1 0
1.67421 2 1 0
1.67421 1 1 0
1.681 1 1 0
1.681 2 1 0
1.68421 2 1 0
1.68421 1 1 0
1.691 1 1 0
1.691 2 1 0
1.69421 2 1 0
1.69421 1 1 0
1.701 1 1 0
1.701 2 1 0
1.70421 2 1 0
1.70421 1 1 0
1.711 1 1 0
1.711 2 1 0
1.71421 2 1 0
1.71421 1 1 0
1.721 1 1 0
1.721 2 1 0
1.72421 2 1 0
1.72421 1 1 0
1.731 1 1 0
1.731 2 1 0
1.73421 2 1 0
1.73421 1 1 0
1.741 1 1 0
1.741 2 1 0
1.74421 2 1 0
1.74421 1 1 0
1.751 1 1 0
1.751 2 1 0
1.75421 2 1 0
1.75421 1 1 0
1.761 1 1 0
1.761 2 1 0
1.76421 2 1 0
1.76421 1 1 0
1.771 1 1 0
1.771 2 1 0
1.77421 2 1 0
1.77421 1 1 0
1.781 1 1 0
1.781 2 1 0
1.78421 2 1 0
1.78421 1 1 0
1.791 1 1 0
1.791 2 1 0
1.79421 2 1 0
1.79421 1 1 0
1.801 1 1 0
1.801 2 1 0
1.80421 2 1 0
1.80421 1 1 0
1.811 1 1 0
1.811 2 1 0
1.81421 2 1 0
1.81421 1 1 0
1.821 1 1 0
1.821 2 1 0
1.82421 2 1 0
1.82421 1 1 0
1.831 1 1 0
1.831 2 1 0
1.83421 2 1 0
1.83421 1 1 0
1.841 1 1 0
1.841 2 1 0
1.84421 2 1 0
1.84421 1 1 0
1.851 1 1 0
1.851 2 1 0
1.85421 2 1 0
1.85421 1 1 0
1.861 1 1 0
1.861 2 1 0
1.86421 2 1 0
1.86421 1 1 0
1.871 1 1 0
1.871 2 1 0
1.87421 2 1 0
1.87421 1 1 0
1.881 1 1 0
1.881 2 1 0
1.88421 2 1 0
1.88421 1 1 0
1.891 1 1 0
1.891 2 1 0
1.89421 2 1 0
1.89421 1 1 0
1.901 1 1 0
1.901 2 1 0
1.90421 2 1 0
1.90421 1 1 0
1.911 1 1 0
1.911 2 1 0
1.91421 2 1 0
1.91421 1 1 0
1.921 1 1 0
1.921 2 1 0
1.92421 2 1 0
1.92421 1 1 0
1.931 1 1 0
1.931 2 1 0
1.93421 2 1 0
1.93421 1 1 0
1.941 1 1 0
1.941 2 1 0
1.94421 2 1 0
1.94421 1 1 0
1.951 1 1 0
1.951 2 1 0
1.95421 2 1 0
1.95421 1 1 0
1.961 1 1 0
1.961 2 1 0
1.96421 2 1 0
1.96421 1 1 0
1.971 1 1 0
1.971 2 1 0
1.97421 2 1 0
1.97421 1 1 0
1.981 1 1 0
1.981 2 1 0
1.98421 2 1 0
1.98421 1 1 0
1.991 1 1 0
1.991 2 1 0
1.99421 2 1 0
1.99421 1 1 0
2.001 1 1 0
2.001 2 1 0
2.00421 2 1 0
2.00421 1 1 0
2.011 1 1 0
2.011 2 1 0
2.01421 2 1 0
2.01421 1 1 0
2.021 1 1 0
2.021 2 1 0
2.02421 2 1 0
2.02421 1 1 0
2.031 1 1 0
2.031 2 1 0
2.03421 2 1 0
2.03421 1 1 0
2.041 1 1 0
2.041 2 1 0
2.04421 2 1 0
2.04421 1 1 0
2.051 1 1 0
2.051 2 1 0
2.05421 2 1 0
2.05421 1 1 0
2.061 1 1 0
2.061 2 1 0
2.06421 2 1 0
2.06421 1 1 0
2.071 1 1 0
2.071 2 1 0
2.07421 2 1 0
2.07421 1 1 0
2.081 1 1 0
2.081 2 1 0
2.08421 2 1 0
2.08421 1 1 0
2.091 1 1 0
2.091 2 1 0
2.09421 2 1 0
2.09421 1 1 0
2.101 1 1 0
2.101 2 1 0
2.10421 2 1 0
2.10421 1 1 0
2.111 1 1 0
2.111 2 1 0
2.11421 2 1 0
2.11421 1 1 0
2.121 1 1 0
2.121 2 1 0
2.12421 2 1 0
2.12421 1 1 0
2.131 1 1 0
2.131 2 1 0
2.13421 2 1 0
2.13421 1 1 0
2.141 1 1 0
2.141 2 1 0
2.14421 2 1 0
2.14421 1 1 0
2.151 1 1 0
2.151 2 1 0
2.15421 2 1 0
2.15421 1 1 0
2.161 1 1 0
2.161 2 1 0
2.16421 2 1 0
2.16421 1 1 0
2.171 1 1 0
2.171 2 1 0
2.17421 2 1 0
2.17421 1 1 0
2.181 1 1 0
2.181 2 1 0
2.18421 2 1 0
2.18421 1 1 0
2.191 1 1 0
2.191 2 1 0
2.19421 2 1 0
2.19421 1 1 0
2.201 1 1 0
2.201 2 1 0
2.20421 2 1 0
2.20421 1 1 0
2.211 1 1 0
2.211 2 1 0
2.21421 2 1 0
2.21421 1 1 0
2.221 1 1 0
2.221 2 1 0
2.22421 2 1 0
2.22421 1 1 0
2.231 1 1 0
2.231 2 1 0
2.23421 2 1 0
2.23421 1 1 0
2.241 1 1 0
2.241 2 1 0
2.24421 2 1 0
2.24421 1 1 0
2.251 1 1 0
2.251 2 1 0
2.25421 2 1 0
2.25421 1 1 0
2.261 1 1 0
2.261 2 1 0
2.26421 2 1 0
2.26421 1 1 0
2.271 1 1 0
2.271 2 1 0
2.27421 2 1 0
2.27421 1 1 0
2.281 1 1 0
2.281 2 1 0
2.28421 2 1 0
2.28421 1 1 0
2.291 1 1 0
2.291 2 1 0
2.29421 2 1 0
2.29421 1 1 0
2.301 1 1 0
2.301 2 1 0
2.30421 2 1 0
2.30421 1 1 0
2.311 1 1 0
2.311 2 1 0
2.31421 2 1 0
2.31421 1 1 0
2.321 1 1 0
2.321 2 1 0
2.32421 2 1 0
2.32421 1 1 0
2.331 1 1 0
2.331 2 1 0
2.33421 2 1 0
2.33421 1 1 0
2.341 1 1 0
2.341 2 1 0
2.34421 2 1 0
2.34421 1 1 0
2.351 1 1 0
2.351 2 1 0
2.35421 2 1 0
2.35421 1 1 0
2.361 1 1 0
2.361 2 1 0
2.36421 2 1 0
2.36421 1 1 0
2.371 1 1 0
2.371 2 1 0
2.37421 2 1 0
2.37421 1 1 0
2.381 1 1 0
2.381 2 1 0
2.38421 2 1 0
2.38421 1 1 0
2.391 1 1 0
2.391 2 1 0
2.39421 2 1 0
2.39421 1 1 0
2.401 1 1 0
2.401 2 1 0
2.40421 2 1 0
2.40421 1 1 0
2.411 1 1 0
2.411 2 1 0
2.41421 2 1 0
2.41421 1 1 0
2.421 1 1 0
2.421 2 1 0
2.42421 2 1 0
2.42421 1 1 0
2.431 1 1 0
2.431 2 1 0
2.43421 2 1 0
2.43421 1 1 0
2.441 1 1 0
2.441 2 1 0
2.44421 2 1 0
2.44421 1 1 0
2.451 1 1 0
2.451 2 1 0
2.45421 2 1 0
2.45421 1 1 0
2.461 1 1 0
2.461 2 1 0
2.46421 2 1 0
2.46421 1 1 0
2.471 1 1 0
2.471 2 1 0
2.47421 2 1 0
2.47421 1 1 0
2.481 1 1 0
2.481 2 1 0
2.48421 2 1 0
2.48421 1 1 0
2.491 1 1 0
2.491 2 1 0
2.49421 2 1 0
2.49421 1 1 0
2.501 1 1 0
2.501 2 1 0
2.50421 2 1 0
2.50421 1 1 0
2.511 1 1 0
2.511 2 1 0
2.51421 2 1 0
2.51421 1 1 0
2.521 1 1 0
2.521 2 1 0
2.52421 2 1 0
2.52421 1 1 0
2.531 1 1 0
2.531 2 1 0
2.53421 2 1 0
2.53421 1 1 0
2.541 1 1 0
2.541 2 1 0
2.54421 2 1 0
2.54421 1 1 0
2.551 1 1 0
2.551 2 1 0
2.55421 2 1 0
2.55421 1 1 0
2.561 1 1 0
2.561 2 1 0
2.56421 2 1 0
2.56421 1 1 0
2.571 1 1 0
2.571 2 1 0
2.57421 2 1 0
2.57421 1 1 0
2.581 1 1 0
2.581 2 1 0
2.58421 2 1 0
2.58421 1 1 0
2.591 1 1 0
2.591 2 1 0
2.59421 2 1 0
2.59421 1 1 0
2.601 1 1 0
2.601 2 1 0
2.60421 2 1 0
2.60421 1 1 0
2.611 1 1 0
2.611 2 1 0
2.61421 2 1 0
2.61421 1 1 0
2.621 1 1 0
2.621 2 1 0
2.62421 2 1 0
2.62421 1 1 0
2.631 1 1 0
2.631 2 1 0
2.63421 2 1 0
2.63421 1 1 0
2.641 1 1 0
2.641 2 1 0
2.64421 2 1 0
2.64421 1 1 0
2.651 1 1 0
2.651 2 1 0
2.65421 2 1 0
2.65421 1 1 0
2.661 1 1 0
2.661 2 1 0
2.66421 2 1 0
2.66421 1 1 0
2.671 1 1 0
2.671 2 1 0
2.67421 2 1 0
2.67421 1 1 0
2.681 1 1 0
2.681 2 1 0
2.68421 2 1 0
2.68421 1 1 0
2.691 1 1 0
2.691 2 1 0
2.69421 2 1 0
2.69421 1 1 0
2.701 1 1 0
2.701 2 1 0
2.70421 2 1 0
2.70421 1 1 0
2.711 1 1 0
2.711 2 1 0
2.71421 2 1 0
2.71421 1 1 0
2.721 1 1 0
2.721 2 1 0
2.72421 2 1 0
2.72421 1 1 0
2.731 1 1 0
2.731 2 1 0
2.73421 2 1 0
2.73421 1 1 0
2.741 1 1 0
2.741 2 1 0
2.74421 2 1 0
2.74421 1 1 0
2.751 1 1 0
2.751 2 1 0
2.75421 2 1 0
2.75421 1 1 0
2.761 1 1 0
2.761 2 1 0
2.76421 2 1 0
2.76421 1 1 0
2.771 1 1 0
2.771 2 1 0
2.77421 2 1 0
2.77421 1 1 0
2.781 1 1 0
2.781 2 1 0
2.78421 2 1 0
2.78421 1 1 0
2.791 1 1 0
2.791 2 1 0
2.79421 2 1 0
2.79421 1 1 0
2.801 1 1 0
2.801 2 1 0
2.80421 2 1 0
2.80421 1 1 0
2.811 1 1 0
2.811 2 1 0
2.81421 2 1 0
2.81421 1 1 0
2.821 1 1 0
2.821 2 1 0
2.82421 2 1 0
2.82421 1 1 0
2.831 1 1 0
2.831 2 1 0
2.83421 2 1 0
2.83421 1 1 0
2.841 1 1 0
2.841 2 1 0
2.84421 2 1 0
2.84421 1 1 0
2.851 1 1 0
2.851 2 1 0
2.85421 2 1 0
2.85421 1 1 0
2.861 1 1 0
2.861 2 1 0
2.86421 2 1 0
2.86421 1 1 0
2.871 1 1 0
2.871 2 1 0
2.87421 2 1 0
2.87421 1 1 0
2.881 1 1 0
2.881 2 1 0
2.88421 2 1 0
2.88421 1 1 0
2.891 1 1 0
2.891 2 1 0
2.89421 2 1 0
2.89421 1 1 0
2.901 1 1 0
2.901 2 1 0
2.90421 2 1 0
2.90421 1 1 0
2.911 1 1 0
2.911 2 1 0
2.91421 2 1 0
2.91421 1 1 0
2.921 1 1 0
2.921 2 1 0
2.92421 2 1 0
2.92421 1 1 0
2.931 1 1 0
2.931 2 1 0
2.93421 2 1 0
2.93421 1 1 0
2.941 1 1 0
2.941 2 1 0
2.94421 2 1 0
2.94421 1 1 0
2.951 1 1 0
2.951 2 1 0
2.95421 2 1 0
2.95421 1 1 0
2.961 1 1 0
2.961 2 1 0
2.96421 2 1 0
2.96421 1 1 0
2.971 1 1 0
2.971 2 1 0
2.97421 2 1 0
2.97421 1 1 0
2.981 1 1 0
2.981 2 1 0
2.98421 2 1 0
2.98421 1 1 0
2.991 1 1 0
2.991 2 1 0
2.99421 2 1 0
2.99421 1 1 0
3.001 1 1 0
3.001 2 1 0
3.00421 2 1 0
3.00421 1 1 0
3.011 1 1 0
3.011 2 1 0
3.01421 2 1 0
3.01421 1 1 0
3.021 1 1 0
3.021 2 1 0
3.02421 2 1 0
3.02421 1 1 0
3.031 1 1 0
3.031 2 1 0
3.03421 2 1 0
3.03421 1 1 0
3.041 1 1 0
3.041 2 1 0
3.04421 2 1 0
3.04421 1 1 0
3.051 1 1 0
3.051 2 1 0
3.05421 2 1 0
3.05421 1 1 0
3.061 1 1 0
3.061 2 1 0
3.06421 2 1 0
3.06421 1 1 0
3.071 1 1 0
3.071 2 1 0
3.07421 2 1 0
3.07421 1 1 0
3.081 1 1 0
3.081 2 1 0
3.08421 2 1 0
3.08421 1 1 0
3.091 1 1 0
3.091 2 1 0
3.09421 2 1 0
3.09421 1 1 0
3.101 1 1 0
3.101 2 1 0
3.10421 2 1 0
3.10421 1 1 0
3.111 1 1 0
3.111 2 1 0
3.11421 2 1 0
3.11421 1 1 0
3.121 1 1 0
3.121 2 1 0
3.12421 2 1 0
3.12421 1 1 0
3.131 1 1 0
3.131 2 1 0
3.13421 2 1 0
3.13421 1 1 0
3.141 1 1 0
3.141 2 1 0
3.14421 2 1 0
3.14421 1 1 0
3.151 1 1 0
3.151 2 1 0
3.15421 2 1 0
3.15421 1 1 0
3.161 1 1 0
3.161 2 1 0
3.16421 2 1 0
3.16421 1 1 0
3.171 1 1 0
3.171 2 1 0
3.17421 2 1 0
3.17421 1 1 0
3.181 1 1 0
3.181 2 1 0
3.18421 2 1 0
3.18421 1 1 0
3.191 1 1 0
3.191 2 1 0
3.19421 2 1 0
3.19421 1 1 0
3.201 1 1 0
3.201 2 1 0
3.20421 2 1 0
3.20421 1 1 0
3.211 1 1 0
3.211 2 1 0
3.21421 2 1 0
3.21421 1 1 0
3.221 1 1 0
3.221 2 1 0
3.22421 2 1 0
3.22421 1 1 0
3.231 1 1 0
3.231 2 1 0
3.23421 2 1 0
3.23421 1 1 0
3.241 1 1 0
3.241 2 1 0
3.24421 2 1 0
3.24421 1 1 0
3.251 1 1 0
3.251 2 1 0
3.25421 2 1 0
3.25421 1 1 0
3.261 1 1 0
3.261 2 1 0
3.26421 2 1 0
3.26421 1 1 0
3.271 1 1 0
3.271 2 1 0
3.27421 2 1 0
3.27421 1 1 0
3.281 1 1 0
3.281 2 1 0
3.28421 2 1 0
3.28421 1 1 0
3.291 1 1 0
3.291 2 1 0
3.29421 2 1 0
3.29421 1 1 0
3.301 1 1 0
3.301 2 1 0
3.30421 2 1 0
3.30421 1 1 0
3.311 1 1 0
3.311 2 1 0
3.31421 2 1 0
3.31421 1 1 0
3.321 1 1 0
3.321 2 1 0
3.32421 2 1 0
3.32421 1 1 0
3.331 1 1 0
3.331 2 1 0
3.33421 2 1 0
3.33421 1 1 0
3.341 1 1 0
3.341 2 1 0
3.34421 2 1 0
3.34421 1 1 0
3.351 1 1 0
3.351 2 1 0
3.35421 2 1 0
3.35421 1 1 0
3.361 1 1 0
3.361 2 1 0
3.36421 2 1 0
3.36421 1 1 0
3.371 1 1 0
3.371 2 1 0
3.37421 2 1 0
3.37421 1 1 0
3.381 1 1 0
3.381 2 1 0
3.38421 2 1 0
3.38421 1 1 0
3.391 1 1 0
3.391 2 1 0
3.39421 2 1 0
3.39421 1 1 0
3.401 1 1 0
3.401 2 1 0
3.40421 2 1 0
3.40421 1 1 0
3.411 1 1 0
3.411 2 1 0
3.41421 2 1 0
3.41421 1 1 0
3.421 1 1 0
3.421 2 1 0
3.42421 2 1 0
3.42421 1 1 0
3.431 1 1 0
3.431 2 1 0
3.43421 2 1 0
3.43421 1 1 0
3.441 1 1 0
3.441 2 1 0
3.44421 2 1 0
3.44421 1 1 0
3.451 1 1 0
3.451 2 1 0
3.45421 2 1 0
3.45421 1 1 0
3.461 1 1 0
3.461 2 1 0
3.46421 2 1 0
3.46421 1 1 0
3.471 1 1 0
3.471 2 1 0
3.47421 2 1 0
3.47421 1 1 0
3.481 1 1 0
3.481 2 1 0
3.48421 2 1 0
3.48421 1 1 0
3.491 1 1 0
3.491 2 1 0
3.49421 2 1 0
3.49421 1 1 0
3.501 1 1 0
3.501 2 1 0
3.50421 2 1 0
3.50421 1 1 0
3.511 1 1 0
3.511 2 1 0
3.51421 2 1 0
3.51421 1 1 0
3.521 1 1 0
3.521 2 1 0
3.52421 2 1 0
3.52421 1 1 0
3.531 1 1 0
3.531 2 1 0
3.53421 2 1 0
3.53421 1 1 0
3.541 1 1 0
3.541 2 1 0
3.54421 2 1 0
3.54421 1 1 0
3.551 1 1 0
3.551 2 1 0
3.55421 2 1 0
3.55421 1 1 0
3.561 1 1 0
3.561 2 1 0
3.56421 2 1 0
3.56421 1 1 0
3.571 1 1 0
3.571 2 1 0
3.57421 2 1 0
3.57421 1 1 0
3.581 1 1 0
3.581 2 1 0
3.58421 2 1 0
3.58421 1 1 0
3.591 1 1 0
3.591 2 1 0
3.59421 2 1 0
3.59421 1 1 0
3.601 1 1 0
3.601 2 1 0
3.60421 2 1 0
3.60421 1 1 0
3.611 1 1 0
3.611 2 1 0
3.61421 2 1 0
3.61421 1 1 0
3.621 1 1 0
3.621 2 1 0
3.62421 2 1 0
3.62421 1 1 0
3.631 1 1 0
3.631 2 1 0
3.63421 2 1 0
3.63421 1 1 0
3.641 1 1 0
3.641 2 1 0
3.64421 2 1 0
3.64421 1 1 0
3.651 1 1 0
3.651 2 1 0
3.65421 2 1 0
3.65421 1 1 0
3.661 1 1 0
3.661 2 1 0
3.66421 2 1 0
3.66421 1 1 0
3.671 1 1 0
3.671 2 1 0
3.67421 2 1 0
3.67421 1 1 0
3.681 1 1 0
3.681 2 1 0
3.68421 2 1 0
3.68421 1 1 0
3.691 1 1 0
3.691 2 1 0
3.69421 2 1 0
3.69421 1 1 0
3.701 1 1 0
3.701 2 1 0
3.70421 2 1 0
3.70421 1 1 0
3.711 1 1 0
3.711 2 1 0
3.71421 2 1 0
3.71421 1 1 0
3.721 1 1 0
3.721 2 1 0
3.72421 2 1 0
3.72421 1 1 0
3.731 1 1 0
3.731 2 1 0
3.73421 2 1 0
3.73421 1 1 0
3.741 1 1 0
3.741 2 1 0
3.74421 2 1 0
3.74421 1 1 0
3.751 1 1 0
3.751 2 1 0
3.75421 2 1 0
3.75421 1 1 0
3.761 1 1 0
3.761 2 1 0
3.76421 2 1 0
3.76421 1 1 0
3.771 1 1 0
3.771 2 1 0
3.77421 2 1 0
3.77421 1 1 0
3.781 1 1 0
3.781 2 1 0
3.78421 2 1 0
3.78421 1 1 0
3.791 1 1 0
3.791 2 1 0
3.79421 2 1 0
3.79421 1 1 0
3.801 1 1 0
3.801 2 1 0
3.80421 2 1 0
3.80421 1 1 0
3.811 1 1 0
3.811 2 1 0
3.81421 2 1 0
3.81421 1 1 0
3.821 1 1 0
3.821 2 1 0
3.82421 2 1 0
3.82421 1 1 0
3.831 1 1 0
3.831 2 1 0
3.83421 2 1 0
3.83421 1 1 0
3.841 1 1 0
3.841 2 1 0
3.84421 2 1 0
3.84421 1 1 0
3.851 1 1 0
3.851 2 1 0
3.85421 2 1 0
3.85421 1 1 0
3.861 1 1 0
3.861 2 1 0
3.86421 2 1 0
3.86421 1 1 0
3.871 1 1 0
3.871 2 1 0
3.87421 2 1 0
3.87421 1 1 0
3.881 1 1 0
3.881 2 1 0
3.88421 2 1 0
3.88421 1 1 0
3.891 1 1 0
3.891 2 1 0
3.89421 2 1 0
3.89421 1 1 0
3.901 1 1 0
3.901 2 1 0
3.90421 2 1 0
3.90421 1 1 0
3.911 1 1 0
3.911 2 1 0
3.91421 2 1 0
3.91421 1 1 0
3.921 1 1 0
3.921 2 1 0
3.92421 2 1 0
3.92421 1 1 0
3.931 1 1 0
3.931 2 1 0
3.93421 2 1 0
3.93421 1 1 0
3.941 1 1 0
3.941 2 1 0
3.94421 2 1 0
3.94421 1 1 0
3.951 1 1 0
3.951 2 1 0
3.95421 2 1 0
3.95421 1 1 0
3.961 1 1 0
3.961 2 1 0
3.96421 2 1 0
3.96421 1 1 0
3.971 1 1 0
3.971 2 1 0
3.97421 2 1 0
3.97421 1 1 0
3.981 1 1 0
3.981 2 1 0
3.98421 2 1 0
3.98421 1 1 0
3.991 1 1 0
3.991 2 1 0
3.99421 2 1 0
3.99421 1 1 0
4.001 1 1 0
4.001 2 1 0
4.00421 2 1 0
4.00421 1 1 0
4.011 1 1 0
4.011 2 1 0
4.01421 2 1 0
4.01421 1 1 0
4.021 1 1 0
4.021 2 1 0
4.02421 2 1 0
4.02421 1 1 0
4.031 1 1 0
4.031 2 1 0
4.03421 2 1 0
4.03421 1 1 0
4.041 1 1 0
4.041 2 1 0
4.04421 2 1 0
4.04421 1 1 0
4.051 1 1 0
4.051 2 1 0
4.05421 2 1 0
4.05421 1 1 0
4.061 1 1 0
4.061 2 1 0
4.06421 2 1 0
4.06421 1 1 0
4.071 1 1 0
4.071 2 1 0
4.07421 2 1 0
4.07421 1 1 0
4.081 1 1 0
4.081 2 1 0
4.08421 2 1 0
4.08421 1 1 0
4.091 1 1 0
4.091 2 1 0
4.09421 2 1 0
4.09421 1 1 0
4.101 1 1 0
4.101 2 1 0
4.10421 2 1 0
4.10421 1 1 0
4.111 1 1 0
4.111 2 1 0
4.11421 2 1 0
4.11421 1 1 0
4.121 1 1 0
4.121 2 1 0
4.12421 2 1 0
4.12421 1 1 0
4.131 1 1 0
4.131 2 1 0
4.13421 2 1 0
4.13421 1 1 0
4.141 1 1 0
4.141 2 1 0
4.14421 2 1 0
4.14421 1 1 0
4.151 1 1 0
4.151 2 1 0
4.15421 2 1 0
4.15421 1 1 0
4.161 1 1 0
4.161 2 1 0
4.16421 2 1 0
4.16421 1 1 0
4.171 1 1 0
4.171 2 1 0
4.17421 2 1 0
4.17421 1 1 0
4.181 1 1 0
4.181 2 1 0
4.18421 2 1 0
4.18421 1 1 0
4.191 1 1 0
4.191 2 1 0
4.19421 2 1 0
4.19421 1 1 0
4.201 1 1 0
4.201 2 1 0
4.20421 2 1 0
4.20421 1 1 0
4.211 1 1 0
4.211 2 1 0
4.21421 2 1 0
4.21421 1 1 0
4.221 1 1 0
4.221 2 1 0
4.22421 2 1 0
4.22421 1 1 0
4.231 1 1 0
4.231 2 1 0
4.23421 2 1 0
4.23421 1 1 0
4.241 1 1 0
4.241 2 1 0
4.24421 2 1 0
4.24421 1 1 0
4.251 1 1 0
4.251 2 1 0
4.25421 2 1 0
4.25421 1 1 0
4.261 1 1 0
4.261 2 1 0
4.26421 2 1 0
4.26421 1 1 0
4.271 1 1 0
4.271 2 1 0
4.27421 2 1 0
4.27421 1 1 0
4.281 1 1 0
4.281 2 1 0
4.28421 2 1 0
4.28421 1 1 0
4.291 1 1 0
4.291 2 1 0
4.29421 2 1 0
4.29421 1 1 0
4.301 1 1 0
4.301 2 1 0
4.30421 2 1 0
4.30421 1 1 0
4.311 1 1 0
4.311 2 1 0
4.31421 2 1 0
4.31421 1 1 0
4.321 1 1 0
4.321 2 1 0
4.32421 2 1 0
4.32421 1 1 0
4.331 1 1 0
4.331 2 1 0
4.33421 2 1 0
4.33421 1 1 0
4.341 1 1 0
4.341 2 1 0
4.34421 2 1 0
4.34421 1 1 0
4.351 1 1 0
4.351 2 1 0
4.35421 2 1 0
4.35421 1 1 0
4.361 1 1 0
4.361 2 1 0
4.36421 2 1 0
4.36421 1 1 0
4.371 1 1 0
4.371 2 1 0
4.37421 2 1 0
4.37421 1 1 0
4.381 1 1 0
4.381 2 1 0
4.38421 2 1 0
4.38421 1 1 0
4.391 1 1 0
4.391 2 1 0
4.39421 2 1 0
4.39421 1 1 0
4.401 1 1 0
4.401 2 1 0
4.40421 2 1 0
4.40421 1 1 0
4.411 1 1 0
4.411 2 1 0
4.41421 2 1 0
4.41421 1 1 0
4.421 1 1 0
4.421 2 1 0
4.42421 2 1 0
4.42421 1 1 0
4.431 1 1 0
4.431 2 1 0
4.43421 2 1 0
4.43421 1 1 0
4.441 1 1 0
4.441 2 1 0
4.44421 2 1 0
4.44421 1 1 0
4.451 1 1 0
4.451 2 1 0
4.45421 2 1 0
4.45421 1 1 0
4.461 1 1 0
4.461 2 1 0
4.46421 2 1 0
4.46421 1 1 0
4.471 1 1 0
4.471 2 1 0
4.47421 2 1 0
4.47421 1 1 0
4.481 1 1 0
4.481 2 1 0
4.48421 2 1 0
4.48421 1 1 0
4.491 1 1 0
4.491 2 1 0
4.49421 2 1 0
4.49421 1 1 0
4.501 1 1 0
4.501 2 1 0
4.50421 2 1 0
4.50421 1 1 0
4.511 1 1 0
4.511 2 1 0
4.51421 2 1 0
4.51421 1 1 0
4.521 1 1 0
4.521 2 1 0
4.52421 2 1 0
4.52421 1 1 0
4.531 1 1 0
4.531 2 1 0
4.53421 2 1 0
4.53421 1 1 0
4.541 1 1 0
4.541 2 1 0
4.54421 2 1 0
4.54421 1 1 0
4.551 1 1 0
4.551 2 1 0
4.55421 2 1 0
4.55421 1 1 0
4.561 1 1 0
4.561 2 1 0
4.56421 2 1 0
4.56421 1 1 0
4.571 1 1 0
4.571 2 1 0
4.57421 2 1 0
4.57421 1 1 0
4.581 1 1 0
4.581 2 1 0
4.58421 2 1 0
4.58421 1 1 0
4.591 1 1 0
4.591 2 1 0
4.59421 2 1 0
4.59421 1 1 0
4.601 1 1 0
4.601 2 1 0
4.60421 2 1 0
4.60421 1 1 0
4.611 1 1 0
4.611 2 1 0
4.61421 2 1 0
4.61421 1 1 0
4.621 1 1 0
4.621 2 1 0
4.62421 2 1 0
4.62421 1 1 0
4.631 1 1 0
4.631 2 1 0
4.63421 2 1 0
4.63421 1 1 0
4.641 1 1 0
4.641 2 1 0
4.64421 2 1 0
4.64421 1 1 0
4.651 1 1 0
4.651 2 1 0
4.65421 2 1 0
4.65421 1 1 0
4.661 1 1 0
4.661 2 1 0
4.66421 2 1 0
4.66421 1 1 0
4.671 1 1 0
4.671 2 1 0
4.67421 2 1 0
4.67421 1 1 0
4.681 1 1 0
4.681 2 1 0
4.68421 2 1 0
4.68421 1 1 0
4.691 1 1 0
4.691 2 1 0
4.69421 2 1 0
4.69421 1 1 0
4.701 1 1 0
4.701 2 1 0
4.70421 2 1 0
4.70421 1 1 0
4.711 1 1 0
4.711 2 1 0
4.71421 2 1 0
4.71421 1 1 0
4.721 1 1 0
4.721 2 1 0
4.72421 2 1 0
4.72421 1 1 0
4.731 1 1 0
4.731 2 1 0
4.73421 2 1 0
4.73421 1 1 0
4.741 1 1 0
4.741 2 1 0
4.74421 2 1 0
4.74421 1 1 0
4.751 1 1 0
4.751 2 1 0
4.75421 2 1 0
4.75421 1 1 0
4.761 1 1 0
4.761 2 1 0
4.76421 2 1 0
4.76421 1 1 0
4.771 1 1 0
4.771 2 1 0
4.77421 2 1 0
4.77421 1 1 0
4.781 1 1 0
4.781 2 1 0
4.78421 2 1 0
4.78421 1 1 0
4.791 1 1 0
4.791 2 1 0
4.79421 2 1 0
4.79421 1 1 0
4.801 1 1 0
4.801 2 1 0
4.80421 2 1 0
4.80421 1 1 0
4.811 1 1 0
4.811 2 1 0
4.81421 2 1 0
4.81421 1 1 0
4.821 1 1 0
4.821 2 1 0
4.82421 2 1 0
4.82421 1 1 0
4.831 1 1 0
4.831 2 1 0
4.83421 2 1 0
4.83421 1 1 0
4.841 1 1 0
4.841 2 1 0
4.84421 2 1 0
4.84421 1 1 0
4.851 1 1 0
4.851 2 1 0
4.85421 2 1 0
4.85421 1 1 0
4.861 1 1 0
4.861 2 1 0
4.86421 2 1 0
4.86421 1 1 0
4.871 1 1 0
4.871 2 1 0
4.87421 2 1 0
4.87421 1 1 0
4.881 1 1 0
4.881 2 1 0
4.88421 2 1 0
4.88421 1 1 0
4.891 1 1 0
4.891 2 1 0
4.89421 2 1 0
4.89421 1 1 0
4.901 1 1 0
4.901 2 1 0
4.90421 2 1 0
4.90421 1 1 0
4.911 1 1 0
4.911 2 1 0
4.91421 2 1 0
4.91421 1 1 0
4.921 1 1 0
4.921 2 1 0
4.92421 2 1 0
4.92421 1 1 0
4.931 1 1 0
4.931 2 1 0
4.93421 2 1 0
4.93421 1 1 0
4.941 1 1 0
4.941 2 1 0
4.94421 2 1 0
4.94421 1 1 0
4.951 1 1 0
4.951 2 1 0
4.95421 2 1 0
4.95421 1 1 0
4.961 1 1 0
4.961 2 1 0
4.96421 2 1 0
4.96421 1 1 0
4.971 1 1 0
4.971 2 1 0
4.97421 2 1 0
4.97421 1 1 0
4.981 1 1 0
4.981 2 1 0
4.98421 2 1 0
4.98421 1 1 0
4.991 1 1 0
4.991 2 1 0
4.99421 2 1 0
4.99421 1 1 0
5.001 1 1 0
5.001 2 1 0
5.00421 2 1 0
5.00421 1 1 0
5.011 1 1 0
5.011 2 1 0
5.01421 2 1 0
5.01421 1 1 0
5.021 1 1 0
5.021 2 1 0
5.02421 2 1 0
5.02421 1 1 0
5.031 1 1 0
5.031 2 1 0
5.03421 2 1 0
5.03421 1 1 0
5.041 1 1 0
5.041 2 1 0
5.04421 2 1 0
5.04421 1 1 0
5.051 1 1 0
5.051 2 1 0
5.05421 2 1 0
5.05421 1 1 0
5.061 1 1 0
5.061 2 1 0
5.06421 2 1 0
5.06421 1 1 0
5.071 1 1 0
5.071 2 1 0
5.07421 2 1 0
5.07421 1 1 0
5.081 1 1 0
5.081 2 1 0
5.08421 2 1 0
5.08421 1 1 0
5.091 1 1 0
5.091 2 1 0
5.09421 2 1 0
5.09421 1 1 0
5.101 1 1 0
5.101 2 1 0
5.10421 2 1 0
5.10421 1 1 0
5.111 1 1 0
5.111 2 1 0
5.11421 2 1 0
5.11421 1 1 0
5.121 1 1 0
5.121 2 1 0
5.12421 2 1 0
5.12421 1 1 0
5.131 1 1 0
5.131 2 1 0
5.13421 2 1 0
5.13421 1 1 0
5.141 1 1 0
5.141 2 1 0
5.14421 2 1 0
5.14421 1 1 0
5.151 1 1 0
5.151 2 1 0
5.15421 2 1 0
5.15421 1 1 0
5.161 1 1 0
5.161 2 1 0
5.16421 2 1 0
5.16421 1 1 0
5.171 1 1 0
5.171 2 1 0
5.17421 2 1 0
5.17421 1 1 0
5.181 1 1 0
5.181 2 1 0
5.18421 2 1 0
5.18421 1 1 0
5.191 1 1 0
5.191 2 1 0
5.19421 2 1 0
5.19421 1 1 0
5.201 1 1 0
5.201 2 1 0
5.20421 2 1 0
5.20421 1 1 0
5.211 1 1 0
5.211 2 1 0
5.21421 2 1 0
5.21421 1 1 0
5.221 1 1 0
5.221 2 1 0
5.22421 2 1 0
5.22421 1 1 0
5.231 1 1 0
5.231 2 1 0
5.23421 2 1 0
5.23421 1 1 0
5.241 1 1 0
5.241 2 1 0
5.24421 2 1 0
5.24421 1 1 0
5.251 1 1 0
5.251 2 1 0
5.25421 2 1 0
5.25421 1 1 0
5.261 1 1 0
5.261 2 1 0
5.26421 2 1 0
5.26421 1 1 0
5.271 1 1 0
5.271 2 1 0
5.27421 2 1 0
5.27421 1 1 0
5.281 1 1 0
5.281 2 1 0
5.28421 2 1 0
5.28421 1 1 0
5.291 1 1 0
5.291 2 1 0
5.29421 2 1 0
5.29421 1 1 0
5.301 1 1 0
5.301 2 1 0
5.30421 2 1 0
5.30421 1 1 0
5.311 1 1 0
5.311 2 1 0
5.31421 2 1 0
5.31421 1 1 0
5.321 1 1 0
5.321 2 1 0
5.32421 2 1 0
5.32421 1 1 0
5.331 1 1 0
5.331 2 1 0
5.33421 2 1 0
5.33421 1 1 0
5.341 1 1 0
5.341 2 1 0
5.34421 2 1 0
5.34421 1 1 0
5.351 1 1 0
5.351 2 1 0
5.35421 2 1 0
5.35421 1 1 0
5.361 1 1 0
5.361 2 1 0
5.36421 2 1 0
5.36421 1 1 0
5.371 1 1 0
5.371 2 1 0
5.37421 2 1 0
5.37421 1 1 0
5.381 1 1 0
5.381 2 1 0
5.38421 2 1 0
5.38421 1 1 0
5.391 1 1 0
5.391 2 1 0
5.39421 2 1 0
5.39421 1 1 0
5.401 1 1 0
5.401 2 1 0
5.40421 2 1 0
5.40421 1 1 0
5.411 1 1 0
5.411 2 1 0
5.41421 2 1 0
5.41421 1 1 0
5.421 1 1 0
5.421 2 1 0
5.42421 2 1 0
5.42421 1 1 0
5.431 1 1 0
5.431 2 1 0
5.43421 2 1 0
5.43421 1 1 0
5.441 1 1 0
5.441 2 1 0
5.44421 2 1 0
5.44421 1 1 0
5.451 1 1 0
5.451 2 1 0
5.45421 2 1 0
5.45421 1 1 0
5.461 1 1 0
5.461 2 1 0
5.46421 2 1 0
5.46421 1 1 0
5.471 1 1 0
5.471 2 1 0
5.47421 2 1 0
5.47421 1 1 0
5.481 1 1 0
5.481 2 1 0
5.48421 2 1 0
5.48421 1 1 0
5.491 1 1 0
5.491 2 1 0
5.49421 2 1 0
5.49421 1 1 0
5.501 1 1 0
5.501 2 1 0
5.50421 2 1 0
5.50421 1 1 0
5.511 1 1 0
5.511 2 1 0
5.51421 2 1 0
5.51421 1 1 0
5.521 1 1 0
5.521 2 1 0
5.52421 2 1 0
5.52421 1 1 0
5.531 1 1 0
5.531 2 1 0
5.53421 2 1 0
5.53421 1 1 0
5.541 1 1 0
5.541 2 1 0
5.54421 2 1 0
5.54421 1 1 0
5.551 1 1 0
5.551 2 1 0
5.55421 2 1 0
5.55421 1 1 0
5.561 1 1 0
5.561 2 1 0
5.56421 2 1 0
5.56421 1 1 0
5.571 1 1 0
5.571 2 1 0
5.57421 2 1 0
5.57421 1 1 0
5.581 1 1 0
5.581 2 1 0
5.58421 2 1 0
5.58421 1 1 0
5.591 1 1 0
5.591 2 1 0
5.59421 2 1 0
5.59421 1 1 0
5.601 1 1 0
5.601 2 1 0
5.60421 2 1 0
5.60421 1 1 0
5.611 1 1 0
5.611 2 1 0
5.61421 2 1 0
5.61421 1 1 0
5.621 1 1 0
5.621 2 1 0
5.62421 2 1 0
5.62421 1 1 0
5.631 1 1 0
5.631 2 1 0
5.63421 2 1 0
5.63421 1 1 0
5.641 1 1 0
5.641 2 1 0
5.64421 2 1 0
5.64421 1 1 0
5.651 1 1 0
5.651 2 1 0
5.65421 2 1 0
5.65421 1 1 0
5.661 1 1 0
5.661 2 1 0
5.66421 2 1 0
5.66421 1 1 0
5.671 1 1 0
5.671 2 1 0
5.67421 2 1 0
5.67421 1 1 0
5.681 1 1 0
5.681 2 1 0
5.68421 2 1 0
5.68421 1 1 0
5.691 1 1 0
5.691 2 1 0
5.69421 2 1 0
5.69421 1 1 0
5.701 1 1 0
5.701 2 1 0
5.70421 2 1 0
5.70421 1 1 0
5.711 1 1 0
5.711 2 1 0
5.71421 2 1 0
5.71421 1 1 0
5.721 1 1 0
5.721 2 1 0
5.72421 2 1 0
5.72421 1 1 0
5.731 1 1 0
5.731 2 1 0
5.73421 2 1 0
5.73421 1 1 0
5.741 1 1 0
5.741 2 1 0
5.74421 2 1 0
5.74421 1 1 0
5.751 1 1 0
5.751 2 1 0
5.75421 2 1 0
5.75421 1 1 0
5.761 1 1 0
5.761 2 1 0
5.76421 2 1 0
5.76421 1 1 0
5.771 1 1 0
5.771 2 1 0
5.77421 2 1 0
5.77421 1 1 0
5.781 1 1 0
5.781 2 1 0
5.78421 2 1 0
5.78421 1 1 0
5.791 1 1 0
5.791 2 1 0
5.79421 2 1 0
5.79421 1 1 0
5.801 1 1 0
5.801 2 1 0
5.80421 2 1 0
5.80421 1 1 0
5.811 1 1 0
5.811 2 1 0
5.81421 2 1 0
5.81421 1 1 0
5.821 1 1 0
5.821 2 1 0
5.82421 2 1 0
5.82421 1 1 0
5.831 1 1 0
5.831 2 1 0
5.83421 2 1 0
5.83421 1 1 0
5.841 1 1 0
5.841 2 1 0
5.84421 2 1 0
5.84421 1 1 0
5.851 1 1 0
5.851 2 1 0
5.85421 2 1 0
5.85421 1 1 0
5.861 1 1 0
5.861 2 1 0
5.86421 2 1 0
5.86421 1 1 0
5.871 1 1 0
5.871 2 1 0
5.87421 2 1 0
5.87421 1 1 0
5.881 1 1 0
5.881 2 1 0
5.88421 2 1 0
5.88421 1 1 0
5.891 1 1 0
5.891 2 1 0
5.89421 2 1 0
5.89421 1 1 0
5.901 1 1 0
5.901 2 1 0
5.90421 2 1 0
5.90421 1 1 0
5.911 1 1 0
5.911 2 1 0
5.91421 2 1 0
5.91421 1 1 0
5.921 1 1 0
5.921 2 1 0
5.92421 2 1 0
5.92421 1 1 0
5.931 1 1 0
5.931 2 1 0
5.93421 2 1 0
5.93421 1 1 0
5.941 1 1 0
5.941 2 1 0
5.94421 2 1 0
5.94421 1 1 0
5.951 1 1 0
5.951 2 1 0
5.95421 2 1 0
5.95421 1 1 0
5.961 1 1 0
5.961 2 1 0
5.96421 2 1 0
5.96421 1 1 0
5.971 1 1 0
5.971 2 1 0
5.97421 2 1 0
5.97421 1 1 0
5.981 1 1 0
5.981 2 1 0
5.98421 2 1 0
5.98421 1 1 0
5.991 1 1 0
5.991 2 1 0
5.99421 2 1 0
5.99421 1 1 0
6.001 1 1 0
6.001 2 1 0
6.00421 2 1 0
6.00421 1 1 0
6.011 1 1 0
6.011 2 1 0
6.01421 2 1 0
6.01421 1 1 0
6.021 1 1 0
6.021 2 1 0
6.02421 2 1 0
6.02421 1 1 0
6.031 1 1 0
6.031 2 1 0
6.03421 2 1 0
6.03421 1 1 0
6.041 1 1 0
6.041 2 1 0
6.04421 2 1 0
6.04421 1 1 0
6.051 1 1 0
6.051 2 1 0
6.05421 2 1 0
6.05421 1 1 0
6.061 1 1 0
6.061 2 1 0
6.06421 2 1 0
6.06421 1 1 0
6.071 1 1 0
6.071 2 1 0
6.07421 2 1 0
6.07421 1 1 0
6.081 1 1 0
6.081 2 1 0
6.08421 2 1 0
6.08421 1 1 0
6.091 1 1 0
6.091 2 1 0
6.09421 2 1 0
6.09421 1 1 0
6.101 1 1 0
6.101 2 1 0
6.10421 2 1 0
6.10421 1 1 0
6.111 1 1 0
6.111 2 1 0
6.11421 2 1 0
6.11421 1 1 0
6.121 1 1 0
6.121 2 1 0
6.12421 2 1 0
6.12421 1 1 0
6.131 1 1 0
6.131 2 1 0
6.13421 2 1 0
6.13421 1 1 0
6.141 1 1 0
6.141 2 1 0
6.14421 2 1 0
6.14421 1 1 0
6.151 1 1 0
6.151 2 1 0
6.15421 2 1 0
6.15421 1 1 0
6.161 1 1 0
6.161 2 1 0
0.011 1 1 0
0.011 2 1 0
0.0142143 2 1 0
0.0142143 1 1 0
0.021 1 1 0
0.021 2 1 0
0.0242143 2 1 0
0.0242143 1 1 0
0.031 1 1 0
0.031 2 1 0
0.0342143 2 1 0
0.0342143 1 1 0
0.041 1 1 0
0.041 2 1 0
0.0442143 2 1 0
0.0442143 1 1 0
0.051 1 1 0
0.051 2 1 0
0.0542143 2 1 0
0.0542143 1 1 0
0.061 1 1 0
0.061 2 1 0
0.0642143 2 1 0
0.0642143 1 1 0
0.071 1 1 0
0.071 2 1 0
0.0742143 2 1 0
0.0742143 1 1 0
0.081 1 1 0
0.081 2 1 0
0.0842143 2 1 0
0.0842143 1 1 0
0.091 1 1 0
0.091 2 1 0
0.0942143 2 1 0
0.0942143 1 1 0
0.101 1 1 0
0.101 2 1 0
0.104214 2 1 0
0.104214 1 1 0
0.111 1 1 0
0.111 2 1 0
0.114214 2 1 0
0.114214 1 1 0
0.121 1 1 0
0.121 2 1 0
0.124214 2 1 0
0.124214 1 1 0
0.131 1 1 0
0.131 2 1 0
0.134214 2 1 0
0.134214 1 1 0
0.141 1 1 0
0.141 2 1 0
0.144214 2 1 0
0.144214 1 1 0
0.151 1 1 0
0.151 2 1 0
0.154214 2 1 0
0.154214 1 1 0
0.161 1 1 0
0.161 2 1 0
0.164214 2 1 0
0.164214 1 1 0
0.171 1 1 0
0.171 2 1 0
0.174214 2 1 0
0.174214 1 1 0
0.181 1 1 0
0.181 2 1 0
0.184214 2 1 0
0.184214 1 1 0
0.191 1 1 0
0.191 2 1 0
0.194214 2 1 0
0.194214 1 1 0
0.201 1 1 0
0.201 2 1 0
0.204214 2 1 0
0.204214 1 1 0
0.211 1 1 0
0.211 2 1 0
0.214214 2 1 0
0.214214 1 1 0
0.221 1 1 0
0.221 2 1 0
0.224214 2 1 0
0.224214 1 1 0
0.231 1 1 0
0.231 2 1 0
0.234214 2 1 0
0.234214 1 1 0
0.241 1 1 0
0.241 2 1 0
0.244214 2 1 0
0.244214 1 1 0
0.251 1 1 0
0.251 2 1 0
0.254214 2 1 0
0.254214 1 1 0
0.261 1 1 0
0.261 2 1 0
0.264214 2 1 0
0.264214 1 1 0
0.271 1 1 0
0.271 2 1 0
0.274214 2 1 0
0.274214 1 1 0
0.281 1 1 0
0.281 2 1 0
0.284214 2 1 0
0.284214 1 1 0
0.291 1 1 0
0.291 2 1 0
0.294214 2 1 0
0.294214 1 1 0
0.301 1 1 0
0.301 2 1 0
0.304214 2 1 0
0.304214 1 1 0
0.311 1 1 0
0.311 2 1 0
0.314214 2 1 0
0.314214 1 1 0
0.321 1 1 0
0.321 2 1 0
0.324214 2 1 0
0.324214 1 1 0
0.331 1 1 0
0.331 2 1 0
0.334214 2 1 0
0.334214 1 1 0
0.341 1 1 0
0.341 2 1 0
0.344214 2 1 0
0.344214 1 1 0
0.351 1 1 0
0.351 2 1 0
0.354214 2 1 0
0.354214 1 1 0
0.361 1 1 0
0.361 2 1 0
0.364214 2 1 0
0.364214 1 1 0
0.371 1 1 0
0.371 2 1 0
0.374214 2 1 0
0.374214 1 1 0
0.381 1 1 0
0.381 2 1 0
0.384214 2 1 0
0.384214 1 1 0
0.391 1 1 0
0.391 2 1 0
0.394214 2 1 0
0.394214 1 1 0
0.401 1 1 0
0.401 2 1 0
0.404214 2 1 0
0.404214 1 1 0
0.411 1 1 0
0.411 2 1 0
0.414214 2 1 0
0.414214 1 1 0
0.421 1 1 0
0.421 2 1 0
0.424214 2 1 0
0.424214 1 1 0
0.431 1 1 0
0.431 2 1 0
0.434214 2 1 0
0.434214 1 1 0
0.441 1 1 0
0.441 2 1 0
0.444214 2 1 0
0.444214 1 1 0
0.451 1 1 0
0.451 2 1 0
0.454214 2 1 0
0.454214 1 1 0
0.461 1 1 0
0.461 2 1 0
0.464214 2 1 0
0.464214 1 1 0
0.471 1 1 0
0.471 2 1 0
0.474214 2 1 0
0.474214 1 1 0
0.481 1 1 0
0.481 2 1 0
0.484214 2 1 0
0.484214 1 1 0
0.491 1 1 0
0.491 2 1 0
0.494214 2 1 0
0.494214 1 1 0
0.501 1 1 0
0.501 2 1 0
0.504214 2 1 0
0.504214 1 1 0
0.511 1 1 0
0.511 2 1 0
0.514214 2 1 0
0.514214 1 1 0
0.521 1 1 0
0.521 2 1 0
0.524214 2 1 0
0.524214 1 1 0
0.531 1 1 0
0.531 2 1 0
0.534214 2 1 0
0.534214 1 1 0
0.541 1 1 0
0.541 2 1 0
0.544214 2 1 0
0.544214 1 1 0
0.551 1 1 0
0.551 2 1 0
0.554214 2 1 0
0.554214 1 1 0
0.561 1 1 0
0.561 2 1 0
0.564214 2 1 0
0.564214 1 1 0
0.571 1 1 0
0.571 2 1 0
0.574214 2 1 0
0.574214 1 1 0
0.581 1 1 0
0.581 2 1 0
0.584214 2 1 0
0.584214 1 1 0
0.591 1 1 0
0.591 2 1 0
0.594214 2 1 0
0.594214 1 1 0
0.601 1 1 0
0.601 2 1 0
0.604214 2 1 0
0.604214 1 1 0
0.611 1 1 0
0.611 2 1 0
0.614214 2 1 0
0.614214 1 1 0
0.621 1 1 0
0.621 2 1 0
0.624214 2 1 0
0.624214 1 1 0
0.631 1 1 0
0.631 2 1 0
0.634214 2 1 0
0.634214 1 1 0
0.641 1 1 0
0.641 2 1 0
0.644214 2 1 0
0.644214 1 1 0
0.651 1 1 0
0.651 2 1 0
0.654214 2 1 0
0.654214 1 1 0
0.661 1 1 0
0.661 2 1 0
0.664214 2 1 0
0.664214 1 1 0
0.671 1 1 0
0.671 2 1 0
0.674214 2 1 0
0.674214 1 1 0
0.681 1 1 0
0.681 2 1 0
0.684214 2 1 0
0.684214 1 1 0
0.691 1 1 0
0.691 2 1 0
0.694214 2 1 0
0.694214 1 1 0
0.701 1 1 0
0.701 2 1 0
0.704214 2 1 0
0.704214 1 1 0
0.711 1 1 0
0.711 2 1 0
0.714214 2 1 0
0.714214 1 1 0
0.721 1 1 0
0.721 2 1 0
0.724214 2 1 0
0.724214 1 1 0
0.731 1 1 0
0.731 2 1 0
0.734214 2 1 0
0.734214 1 1 0
0.741 1 1 0
0.741 2 1 0
0.744214 2 1 0
0.744214 1 1 0
0.751 1 1 0
0.751 2 1 0
0.754214 2 1 0
0.754214 1 1 0
0.761 1 1 0
0.761 2 1 0
0.764214 2 1 0
0.764214 1 1 0
0.771 1 1 0
0.771 2 1 0
0.774214 2 1 0
0.774214 1 1 0
0.781 1 1 0
0.781 2 1 0
0.784214 2 1 0
0.784214 1 1 0
0.791 1 1 0
0.791 2 1 0
0.794214 2 1 0
0.794214 1 1 0
0.801 1 1 0
0.801 2 1 0
0.804214 2 1 0
0.804214 1 1 0
0.811 1 1 0
0.811 2 1 0
0.814214 2 1 0
0.814214 1 1 0
0.821 1 1 0
0.821 2 1 0
0.824214 2 1 0
0.824214 1 1 0
0.831 1 1 0
0.831 2 1 0
0.834214 2 1 0
0.834214 1 1 0
0.841 1 1 0
0.841 2 1 0
0.844214 2 1 0
0.844214 1 1 0
0.851 1 1 0
0.851 2 1 0
0.854214 2 1 0
0.854214 1 1 0
0.861 1 1 0
0.861 2 1 0
0.864214 2 1 0
0.864214 1 1 0
0.871 1 1 0
0.871 2 1 0
0.874214 2 1 0
0.874214 1 1 0
0.881 1 1 0
0.881 2 1 0
0.884214 2 1 0
0.884214 1 1 0
0.891 1 1 0
0.891 2 1 0
0.894214 2 1 0
0.894214 1 1 0
0.901 1 1 0
0.901 2 1 0
0.904214 2 1 0
0.904214 1 1 0
0.911 1 1 0
0.911 2 1 0
0.914214 2 1 0
0.914214 1 1 0
0.921 1 1 0
0.921 2 1 0
0.924214 2 1 0
0.924214 1 1 0
0.931 1 1 0
0.931 2 1 0
0.934214 2 1 0
0.934214 1 1 0
0.941 1 1 0
0.941 2 1 0
0.944214 2 1 0
0.944214 1 1 0
0.951 1 1 0
0.951 2 1 0
0.954214 2 1 0
0.954214 1 1 0
0.961 1 1 0
0.961 2 1 0
0.964214 2 1 0
0.964214 1 1 0
0.971 1 1 0
0.971 2 1 0
0.974214 2 1 0
0.974214 1 1 0
0.981 1 1 0
0.981 2 1 0
0.984214 2 1 0
0.984214 1 1 0
0.991 1 1 0
0.991 2 1 0
0.994214 2 1 0
0.994214 1 1 0
1.001 1 1 0
1.001 2 1 0
1.00421 2 1 0
1.00421 1 1 0
1.011 1 1 0
1.011 2 1 0
1.01421 2 1 0
1.01421 1 1 0
1.021 1 1 0
1.021 2 1 0
1.02421 2 1 0
1.02421 1 1 0
1.031 1 1 0
1.031 2 1 0
1.03421 2 1 0
1.03421 1 1 0
1.041 1 1 0
1.041 2 1 0
1.04421 2 1 0
1.04421 1 1 0
1.051 1 1 0
1.051 2 1 0
1.05421 2 1 0
1.05421 1 1 0
1.061 1 1 0
1.061 2 1 0
1.06421 2 1 0
1.06421 1 1 0
1.071 1 1 0
1.071 2 1 0
1.07421 2 1 0
1.07421 1 1 0
1.081 1 1 0
1.081 2 1 0
1.08421 2 1 0
1.08421 1 1 0
1.091 1 1 0
1.091 2 1 0
1.09421 2 1 0
1.09421 1 1 0
1.101 1 1 0
1.101 2 1 0
1.10421 2 1 0
1.10421 1 1 0
1.111 1 1 0
1.111 2 1 0
1.11421 2 1 0
1.11421 1 1 0
1.121 1 1 0
1.121 2 1 0
1.12421 2 1 0
1.12421 1 1 0
1.131 1 1 0
1.131 2 1 0
1.13421 2 1 0
1.13421 1 1 0
1.141 1 1 0
1.141 2 1 0
1.14421 2 1 0
1.14421 1 1 0
1.151 1 1 0
1.151 2 1 0
1.15421 2 1 0
1.15421 1 1 0
1.161 1 1 0
1.161 2 1 0
1.16421 2 1 0
1.16421 1 1 0
1.171 1 1 0
1.171 2 1 0
1.17421 2 1 0
1.17421 1 1 0
1.181 1 1 0
1.181 2 1 0
1.18421 2 1 0
1.18421 1 1 0
1.191 1 1 0
1.191 2 1 0
1.19421 2 1 0
1.19421 1 1 0
1.201 1 1 0
1.201 2 1 0
1.20421 2 1 0
1.20421 1 1 0
1.211 1 1 0
1.211 2 1 0
1.21421 2 1 0
1.21421 1 1 0
1.221 1 1 0
1.221 2 1 0
1.22421 2 1 0
1.22421 1 1 0
1.231 1 1 0
1.231 2 1 0
1.23421 2 1 0
1.23421 1 1 0
1.241 1 1 0
1.241 2 1 0
1.24421 2 1 0
1.24421 1 1 0
1.251 1 1 0
1.251 2 1 0
1.25421 2 1 0
1.25421 1 1 0
1.261 1 1 0
1.261 2 1 0
1.26421 2 1 0
1.26421 1 1 0
1.271 1 1 0
1.271 2 1 0
1.27421 2 1 0
1.27421 1 1 0
1.281 1 1 0
1.281 2 1 0
1.28421 2 1 0
1.28421 1 1 0
1.291 1 1 0
1.291 2 1 0
1.29421 2 1 0
1.29421 1 1 0
1.301 1 1 0
1.301 2 1 0
1.30421 2 1 0
1.30421 1 1 0
1.311 1 1 0
1.311 2 1 0
1.31421 2 1 0
1.31421 1 1 0
1.321 1 1 0
1.321 2 1 0
1.32421 2 1 0
1.32421 1 1 0
1.331 1 1 0
1.331 2 1 0
1.33421 2 1 0
1.33421 1 1 0
1.341 1 1 0
1.341 2 1 0
1.34421 2 1 0
1.34421 1 1 0
1.351 1 1 0
1.351 2 1 0
1.35421 2 1 0
1.35421 1 1 0
1.361 1 1 0
1.361 2 1 0
1.36421 2 1 0
1.36421 1 1 0
1.371 1 1 0
1.371 2 1 0
1.37421 2 1 0
1.37421 1 1 0
1.381 1 1 0
1.381 2 1 0
1.38421 2 1 0
1.38421 1 1 0
1.391 1 1 0
1.391 2 1 0
1.39421 2 1 0
1.39421 1 1 0
1.401 1 1 0
1.401 2 1 0
1.40421 2 1 0
1.40421 1 1 0
1.411 1 1 0
1.411 2 1 0
1.41421 2 1 0
1.41421 1 1 0
1.421 1 1 0
1.421 2 1 0
1.42421 2 1 0
1.42421 1 1 0
1.431 1 1 0
1.431 2 1 0
1.43421 2 1 0
1.43421 1 1 0
1.441 1 1 0
1.441 2 1 0
1.44421 2 1 0
1.44421 1 1 0
1.451 1 1 0
1.451 2 1 0
1.45421 2 1 0
1.45421 1 1 0
1.461 1 1 0
1.461 2 1 0
1.46421 2 1 0
1.46421 1 1 0
1.471 1 1 0
1.471 2 1 0
1.47421 2 1 0
1.47421 1 1 0
1.481 1 1 0
1.481 2 1 0
1.48421 2 1 0
1.48421 1 1 0
1.491 1 1 0
1.491 2 1 0
1.49421 2 1 0
1.49421 1 1 0
1.501 1 1 0
1.501 2 1 0
1.50421 2 1 0
1.50421 1 1 0
1.511 1 1 0
1.511 2 1 0
1.51421 2 1 0
1.51421 1 1 0
1.521 1 1 0
1.521 2 1 0
1.52421 2 1 0
1.52421 1 1 0
1.531 1 1 0
1.531 2 1 0
0.011 1 1 0
0.011 2 1 0
0.0142143 2 1 0
0.0142143 1 1 0
0.021 1 1 0
0.021 2 1 0
0.0242143 2 1 0
0.0242143 1 1 0
0.031 1 1 0
0.031 2 1 0
0.0342143 2 1 0
0.0342143 1 1 0
0.041 1 1 0
0.041 2 1 0
0.0442143 2 1 0
0.0442143 1 1 0
0.051 1 1 0
0.051 2 1 0
0.0542143 2 1 0
0.0542143 1 1 0
0.061 1 1 0
0.061 2 1 0
0.0642143 2 1 0
0.0642143 1 1 0
0.071 1 1 0
0.071 2 1 0
0.0742143 2 1 0
0.0742143 1 1 0
0.081 1 1 0
0.081 2 1 0
0.0842143 2 1 0
0.0842143 1 1 0
0.091 1 1 0
0.091 2 1 0
0.0942143 2 1 0
0.0942143 1 1 0
0.101 1 1 0
0.101 2 1 0
0.104214 2 1 0
0.104214 1 1 0
0.111 1 1 0
0.111 2 1 0
0.114214 2 1 0
0.114214 1 1 0
0.121 1 1 0
0.121 2 1 0
0.124214 2 1 0
0.124214 1 1 0
0.131 1 1 0
0.131 2 1 0
0.134214 2 1 0
0.134214 1 1 0
0.141 1 1 0
0.141 2 1 0
0.144214 2 1 0
0.144214 1 1 0
0.151 1 1 0
0.151 2 1 0
0.154214 2 1 0
0.154214 1 1 0
0.161 1 1 0
0.161 2 1 0
0.164214 2 1 0
0.164214 1 1 0
0.171 1 1 0
0.171 2 1 0
0.174214 2 1 0
0.174214 1 1 0
0.181 1 1 0
0.181 2 1 0
0.184214 2 1 0
0.184214 1 1 0
0.191 1 1 0
0.191 2 1 0
0.194214 2 1 0
0.194214 1 1 0
0.201 1 1 0
0.201 2 1 0
0.204214 2 1 0
0.204214 1 1 0
0.211 1 1 0
0.211 2 1 0
0.214214 2 1 0
0.214214 1 1 0
0.221 1 1 0
0.221 2 1 0
0.224214 2 1 0
0.224214 1 1 0
0.231 1 1 0
0.231 2 1 0
0.234214 2 1 0
0.234214 1 1 0
0.241 1 1 0
0.241 2 1 0
0.244214 2 1 0
0.244214 1 1 0
0.251 1 1 0
0.251 2 1 0
0.254214 2 1 0
0.254214 1 1 0
0.261 1 1 0
0.261 2 1 0
0.264214 2 1 0
0.264214 1 1 0
0.271 1 1 0
0.271 2 1 0
0.274214 2 1 0
0.274214 1 1 0
0.281 1 1 0
0.281 2 1 0
0.284214 2 1 0
0.284214 1 1 0
0.291 1 1 0
0.291 2 1 0
0.294214 2 1 0
0.294214 1 1 0
0.301 1 1 0
0.301 2 1 0
0.304214 2 1 0
0.304214 1 1 0
0.311 1 1 0
0.311 2 1 0
0.314214 2 1 0
0.314214 1 1 0
0.321 1 1 0
0.321 2 1 0
0.324214 2 1 0
0.324214 1 1 0
0.331 1 1 0
0.331 2 1 0
0.334214 2 1 0
0.334214 1 1 0
0.341 1 1 0
0.341 2 1 0
0.344214 2 1 0
0.344214 1 1 0
0.351 1 1 0
0.351 2 1 0
0.354214 2 1 0
0.354214 1 1 0
0.361 1 1 0
0.361 2 1 0
0.364214 2 1 0
0.364214 1 1 0
0.371 1 1 0
0.371 2 1 0
0.374214 2 1 0
0.374214 1 1 0
0.381 1 1 0
0.381 2 1 0
0.384214 2 1 0
0.384214 1 1 0
0.391 1 1 0
0.391 2 1 0
0.394214 2 1 0
0.394214 1 1 0
0.401 1 1 0
0.401 2 1 0
0.404214 2 1 0
0.404214 1 1 0
0.411 1 1 0
0.411 2 1 0
0.414214 2 1 0
0.414214 1 1 0
0.421 1 1 0
0.421 2 1 0
0.424214 2 1 0
0.424214 1 1 0
0.431 1 1 0
0.431 2 1 0
0.434214 2 1 0
0.434214 1 1 0
0.441 1 1 0
0.441 2 1 0
0.444214 2 1 0
0.444214 1 1 0
0.451 1 1 0
0.451 2 1 0
0.454214 2 1 0
0.454214 1 1 0
0.461 1 1 0
0.461 2 1 0
0.464214 2 1 0
0.464214 1 1 0
0.471 1 1 0
0.471 2 1 0
0.474214 2 1 0
0.474214 1 1 0
0.481 1 1 0
0.481 2 1 0
0.484214 2 1 0
0.484214 1 1 0
0.491 1 1 0
0.491 2 1 0
0.494214 2 1 0
0.494214 1 1 0
0.501 1 1 0
0.501 2 1 0
0.504214 2 1 0
0.504214 1 1 0
0.511 1 1 0
0.511 2 1 0
0.514214 2 1 0
0.514214 1 1 0
0.521 1 1 0
0.521 2 1 0
0.524214 2 1 0
0.524214 1 1 0
0.531 1 1 0
0.531 2 1 0
0.534214 2 1 0
0.534214 1 1 0
0.541 1 1 0
0.541 2 1 0
0.544214 2 1 0
0.544214 1 1 0
0.551 1 1 0
0.551 2 1 0
0.554214 2 1 0
0.554214 1 1 0
0.561 1 1 0
0.561 2 1 0
0.564214 2 1 0
0.564214 1 1 0
0.571 1 1 0
0.571 2 1 0
0.574214 2 1 0
0.574214 1 1 0
0.581 1 1 0
0.581 2 1 0
0.584214 2 1 0
0.584214 1 1 0
0.591 1 1 0
0.591 2 1 0
0.594214 2 1 0
0.594214 1 1 0
0.601 1 1 0
0.601 2 1 0
0.604214 2 1 0
0.604214 1 1 0
0.611 1 1 0
0.611 2 1 0
0.614214 2 1 0
0.614214 1 1 0
0.621 1 1 0
0.621 2 1 0
0.624214 2 1 0
0.624214 1 1 0
0.631 1 1 0
0.631 2 1 0
0.634214 2 1 0
0.634214 1 1 0
0.641 1 1 0
0.641 2 1 0
0.644214 2 1 0
0.644214 1 1 0
0.651 1 1 0
0.651 2 1 0
0.654214 2 1 0
0.654214 1 1 0
0.661 1 1 0
0.661 2 1 0
0.664214 2 1 0
0.664214 1 1 0
0.671 1 1 0
0.671 2 1 0
0.674214 2 1 0
0.674214 1 1 0
0.681 1 1 0
0.681 2 1 0
0.684214 2 1 0
0.684214 1 1 0
0.691 1 1 0
0.691 2 1 0
0.694214 2 1 0
0.694214 1 1 0
0.701 1 1 0
0.701 2 1 0
0.704214 2 1 0
0.704214 1 1 0
0.711 1 1 0
0.711 2 1 0
0.714214 2 1 0
0.714214 1 1 0
0.721 1 1 0
0.721 2 1 0
0.724214 2 1 0
0.724214 1 1 0
0.731 1 1 0
0.731 2 1 0
0.734214 2 1 0
0.734214 1 1 0
0.741 1 1 0
0.741 2 1 0
0.744214 2 1 0
0.744214 1 1 0
0.751 1 1 0
0.751 2 1 0
0.754214 2 1 0
0.754214 1 1 0
0.761 1 1 0
0.761 2 1 0
0.764214 2 1 0
0.764214 1 1 0
0.771 1 1 0
0.771 2 1 0
0.774214 2 1 0
0.774214 1 1 0
0.781 1 1 0
0.781 2 1 0
0.784214 2 1 0
0.784214 1 1 0
0.791 1 1 0
0.791 2 1 0
0.794214 2 1 0
0.794214 1 1 0
0.801 1 1 0
0.801 2 1 0
0.804214 2 1 0
0.804214 1 1 0
0.811 1 1 0
0.811 2 1 0
0.814214 2 1 0
0.814214 1 1 0
0.821 1 1 0
0.821 2 1 0
0.824214 2 1 0
0.824214 1 1 0
0.831 1 1 0
0.831 2 1 0
0.834214 2 1 0
0.834214 1 1 0
0.841 1 1 0
0.841 2 1 0
0.844214 2 1 0
0.844214 1 1 0
0.851 1 1 0
0.851 2 1 0
0.854214 2 1 0
0.854214 1 1 0
0.861 1 1 0
0.861 2 1 0
0.864214 2 1 0
0.864214 1 1 0
0.871 1 1 0
0.871 2 1 0
0.874214 2 1 0
0.874214 1 1 0
0.881 1 1 0
0.881 2 1 0
0.884214 2 1 0
0.884214 1 1 0
0.891 1 1 0
0.891 2 1 0
0.894214 2 1 0
0.894214 1 1 0
0.901 1 1 0
0.901 2 1 0
0.904214 2 1 0
0.904214 1 1 0
0.911 1 1 0
0.911 2 1 0
0.914214 2 1 0
0.914214 1 1 0
0.921 1 1 0
0.921 2 1 0
0.924214 2 1 0
0.924214 1 1 0
0.931 1 1 0
0.931 2 1 0
0.934214 2 1 0
0.934214 1 1 0
0.941 1 1 0
0.941 2 1 0
0.944214 2 1 0
0.944214 1 1 0
0.951 1 1 0
0.951 2 1 0
0.954214 2 1 0
0.954214 1 1 0
0.961 1 1 0
0.961 2 1 0
0.964214 2 1 0
0.964214 1 1 0
0.971 1 1 0
0.971 2 1 0
0.974214 2 1 0
0.974214 1 1 0
0.981 1 1 0
0.981 2 1 0
0.984214 2 1 0
0.984214 1 1 0
0.991 1 1 0
0.991 2 1 0
0.994214 2 1 0
0.994214 1 1 0
1.001 1 1 0
1.001 2 1 0
1.00421 2 1 0
1.00421 1 1 0
1.011 1 1 0
1.011 2 1 0
1.01421 2 1 0
1.01421 1 1 0
1.021 1 1 0
1.021 2 1 0
1.02421 2 1 0
1.02421 1 1 0
1.031 1 1 0
1.031 2 1 0
1.03421 2 1 0
1.03421 1 1 0
1.041 1 1 0
1.041 2 1 0
1.04421 2 1 0
1.04421 1 1 0
1.051 1 1 0
1.051 2 1 0
1.05421 2 1 0
1.05421 1 1 0
1.061 1 1 0
1.061 2 1 0
1.06421 2 1 0
1.06421 1 1 0
1.071 1 1 0
1.071 2 1 0
1.07421 2 1 0
1.07421 1 1 0
1.081 1 1 0
1.081 2 1 0
1.08421 2 1 0
1.08421 1 1 0
1.091 1 1 0
1.091 2 1 0
1.09421 2 1 0
1.09421 1 1 0
1.101 1 1 0
1.101 2 1 0
1.10421 2 1 0
1.10421 1 1 0
1.111 1 1 0
1.111 2 1 0
1.11421 2 1 0
1.11421 1 1 0
1.121 1 1 0
1.121 2 1 0
1.12421 2 1 0
1.12421 1 1 0
1.131 1 1 0
1.131 2 1 0
1.13421 2 1 0
1.13421 1 1 0
1.141 1 1 0
1.141 2 1 0
1.14421 2 1 0
1.14421 1 1 0
1.151 1 1 0
1.151 2 1 0
1.15421 2 1 0
1.15421 1 1 0
1.161 1 1 0
1.161 2 1 0
1.16421 2 1 0
1.16421 1 1 0
1.171 1 1 0
1.171 2 1 0
1.17421 2 1 0
1.17421 1 1 0
1.181 1 1 0
1.181 2 1 0
1.18421 2 1 0
1.18421 1 1 0
1.191 1 1 0
1.191 2 1 0
1.19421 2 1 0
1.19421 1 1 0
1.201 1 1 0
1.201 2 1 0
1.20421 2 1 0
1.20421 1 1 0
1.211 1 1 0
1.211 2 1 0
1.21421 2 1 0
1.21421 1 1 0
1.221 1 1 0
1.221 2 1 0
1.22421 2 1 0
1.22421 1 1 0
1.231 1 1 0
1.231 2 1 0
1.23421 2 1 0
1.23421 1 1 0
1.241 1 1 0
1.241 2 1 0
1.24421 2 1 0
1.24421 1 1 0
1.251 1 1 0
1.251 2 1 0
1.25421 2 1 0
1.25421 1 1 0
1.261 1 1 0
1.261 2 1 0
1.26421 2 1 0
1.26421 1 1 0
1.271 1 1 0
1.271 2 1 0
1.27421 2 1 0
1.27421 1 1 0
1.281 1 1 0
1.281 2 1 0
1.28421 2 1 0
1.28421 1 1 0
1.291 1 1 0
1.291 2 1 0
1.29421 2 1 0
1.29421 1 1 0
1.301 1 1 0
1.301 2 1 0
1.30421 2 1 0
1.30421 1 1 0
1.311 1 1 0
1.311 2 1 0
1.31421 2 1 0
1.31421 1 1 0
1.321 1 1 0
1.321 2 1 0
1.32421 2 1 0
1.32421 1 1 0
1.331 1 1 0
1.331 2 1 0
1.33421 2 1 0
1.33421 1 1 0
1.341 1 1 0
1.341 2 1 0
1.34421 2 1 0
1.34421 1 1 0
1.351 1 1 0
1.351 2 1 0
1.35421 2 1 0
1.35421 1 1 0
1.361 1 1 0
1.361 2 1 0
1.36421 2 1 0
1.36421 1 1 0
1.371 1 1 0
1.371 2 1 0
1.37421 2 1 0
1.37421 1 1 0
1.381 1 1 0
1.381 2 1 0
1.38421 2 1 0
1.38421 1 1 0
1.391 1 1 0
1.391 2 1 0
1.39421 2 1 0
1.39421 1 1 0
1.401 1 1 0
1.401 2 1 0
1.40421 2 1 0
1.40421 1 1 0
1.411 1 1 0
1.411 2 1 0
1.41421 2 1 0
1.41421 1 1 0
1.421 1 1 0
1.421 2 1 0
1.42421 2 1 0
1.42421 1 1 0
1.431 1 1 0
1.431 2 1 0
1.43421 2 1 0
1.43421 1 1 0
1.441 1 1 0
1.441 2 1 0
1.44421 2 1 0
1.44421 1 1 0
1.451 1 1 0
1.451 2 1 0
1.45421 2 1 0
1.45421 1 1 0
1.461 1 1 0
1.461 2 1 0
1.46421 2 1 0
1.46421 1 1 0
1.471 1 1 0
1.471 2 1 0
1.47421 2 1 0
1.47421 1 1 0
1.481 1 1 0
1.481 2 1 0
1.48421 2 1 0
1.48421 1 1 0
1.491 1 1 0
1.491 2 1 0
1.49421 2 1 0
1.49421 1 1 0
1.501 1 1 0
1.501 2 1 0
1.50421 2 1 0
1.50421 1 1 0
1.511 1 1 0
1.511 2 1 0
1.51421 2 1 0
1.51421 1 1 0
1.521 1 1 0
1.521 2 1 0
1.52421 2 1 0
1.52421 1 1 0
1.531 1 1 0
1.531 2 1 0
1.53421 2 1 0
1.53421 1 1 0
1.541 1 1 0
1.541 2 1 0
1.54421 2 1 0
1.54421 1 1 0
1.551 1 1 0
1.551 2 1 0
1.55421 2 1 0
1.55421 1 1 0
1.561 1 1 0
1.561 2 1 0
1.56421 2 1 0
1.56421 1 1 0
1.571 1 1 0
1.571 2 1 0
1.57421 2 1 0
1.57421 1 1 0
1.581 1 1 0
1.581 2 1 0
1.58421 2 1 0
1.58421 1 1 0
1.591 1 1 0
1.591 2 1 0
1.59421 2 1 0
1.59421 1 1 0
1.601 1 1 0
1.601 2 1 0
1.60421 2 1 0
1.60421 1 1 0
1.611 1 1 0
1.611 2 1 0
1.61421 2 1 0
1.61421 1 1 0
1.621 1 1 0
1.621 2 1 0
1.62421 2 1 0
1.62421 1 1 0
1.631 1 1 0
1.631 2 1 0
1.63421 2 1 0
1.63421 1 1 0
1.641 1 1 0
1.641 2 1 0
1.64421 2 1 0
1.64421 1 1 0
1.651 1 1 0
1.651 2 1 0
1.65421 2 1 0
1.65421 1 1 0
1.661 1 1 0
1.661 2 1 0
1.66421 2 1 0
1.66421 1 1 0
1.671 1 1 0
1.671 2 1 0
1.67421 2 1 0
1.67421 1 1 0
1.681 1 1 0
1.681 2 1 0
1.68421 2 1 0
1.68421 1 1 0
1.691 1 1 0
1.691 2 1 0
1.69421 2 1 0
1.69421 1 1 0
1.701 1 1 0
1.701 2 1 0
1.70421 2 1 0
1.70421 1 1 0
1.711 1 1 0
1.711 2 1 0
1.71421 2 1 0
1.71421 1 1 0
1.721 1 1 0
1.721 2 1 0
1.72421 2 1 0
1.72421 1 1 0
1.731 1 1 0
1.731 2 1 0
1.73421 2 1 0
1.73421 1 1 0
1.741 1 1 0
1.741 2 1 0
1.74421 2 1 0
1.74421 1 1 0
1.751 1 1 0
1.751 2 1 0
1.75421 2 1 0
1.75421 1 1 0
1.761 1 1 0
1.761 2 1 0
1.76421 2 1 0
1.76421 1 1 0
1.771 1 1 0
1.771 2 1 0
1.77421 2 1 0
1.77421 1 1 0
1.781 1 1 0
1.781 2 1 0
1.78421 2 1 0
1.78421 1 1 0
1.791 1 1 0
1.791 2 1 0
1.79421 2 1 0
1.79421 1 1 0
1.801 1 1 0
1.801 2 1 0
1.80421 2 1 0
1.80421 1 1 0
1.811 1 1 0
1.811 2 1 0
1.81421 2 1 0
1.81421 1 1 0
1.821 1 1 0
1.821 2 1 0
1.82421 2 1 0
1.82421 1 1 0
1.831 1 1 0
1.831 2 1 0
1.83421 2 1 0
1.83421 1 1 0
1.841 1 1 0
1.841 2 1 0
1.84421 2 1 0
1.84421 1 1 0
1.851 1 1 0
1.851 2 1 0
1.85421 2 1 0
1.85421 1 1 0
1.861 1 1 0
1.861 2 1 0
1.86421 2 1 0
1.86421 1 1 0
1.871 1 1 0
1.871 2 1 0
1.87421 2 1 0
1.87421 1 1 0
1.881 1 1 0
1.881 2 1 0
1.88421 2 1 0
1.88421 1 1 0
1.891 1 1 0
1.891 2 1 0
1.89421 2 1 0
1.89421 1 1 0
1.901 1 1 0
1.901 2 1 0
1.90421 2 1 0
1.90421 1 1 0
1.911 1 1 0
1.911 2 1 0
1.91421 2 1 0
1.91421 1 1 0
1.921 1 1 0
1.921 2 1 0
1.92421 2 1 0
1.92421 1 1 0
1.931 1 1 0
1.931 2 1 0
1.93421 2 1 0
1.93421 1 1 0
1.941 1 1 0
1.941 2 1 0
1.94421 2 1 0
1.94421 1 1 0
1.951 1 1 0
1.951 2 1 0
1.95421 2 1 0
1.95421 1 1 0
1.961 1 1 0
1.961 2 1 0
1.96421 2 1 0
1.96421 1 1 0
1.971 1 1 0
1.971 2 1 0
1.97421 2 1 0
1.97421 1 1 0
1.981 1 1 0
1.981 2 1 0
1.98421 2 1 0
1.98421 1 1 0
1.991 1 1 0
1.991 2 1 0
1.99421 2 1 0
1.99421 1 1 0
2.001 1 1 0
2.001 2 1 0
2.00421 2 1 0
2.00421 1 1 0
2.011 1 1 0
2.011 2 1 0
2.01421 2 1 0
2.01421 1 1 0
2.021 1 1 0
2.021 2 1 0
2.02421 2 1 0
2.02421 1 1 0
2.031 1 1 0
2.031 2 1 0
2.03421 2 1 0
2.03421 1 1 0
2.041 1 1 0
2.041 2 1 0
2.04421 2 1 0
2.04421 1 1 0
2.051 1 1 0
2.051 2 1 0
2.05421 2 1 0
2.05421 1 1 0
2.061 1 1 0
2.061 2 1 0
2.06421 2 1 0
2.06421 1 1 0
2.071 1 1 0
2.071 2 1 0
2.07421 2 1 0
2.07421 1 1 0
2.081 1 1 0
2.081 2 1 0
2.08421 2 1 0
2.08421 1 1 0
2.091 1 1 0
2.091 2 1 0
2.09421 2 1 0
2.09421 1 1 0
2.101 1 1 0
2.101 2 1 0
2.10421 2 1 0
2.10421 1 1 0
2.111 1 1 0
2.111 2 1 0
2.11421 2 1 0
2.11421 1 1 0
2.121 1 1 0
2.121 2 1 0
2.12421 2 1 0
2.12421 1 1 0
2.131 1 1 0
2.131 2 1 0
2.13421 2 1 0
2.13421 1 1 0
2.141 1 1 0
2.141 2 1 0
2.14421 2 1 0
2.14421 1 1 0
2.151 1 1 0
2.151 2 1 0
2.15421 2 1 0
2.15421 1 1 0
2.161 1 1 0
2.161 2 1 0
2.16421 2 1 0
2.16421 1 1 0
2.171 1 1 0
2.171 2 1 0
2.17421 2 1 0
2.17421 1 1 0
2.181 1 1 0
2.181 2 1 0
2.18421 2 1 0
2.18421 1 1 0
2.191 1 1 0
2.191 2 1 0
2.19421 2 1 0
2.19421 1 1 0
2.201 1 1 0
2.201 2 1 0
2.20421 2 1 0
2.20421 1 1 0
2.211 1 1 0
2.211 2 1 0
2.21421 2 1 0
2.21421 1 1 0
2.221 1 1 0
2.221 2 1 0
2.22421 2 1 0
2.22421 1 1 0
2.231 1 1 0
2.231 2 1 0
2.23421 2 1 0
2.23421 1 1 0
2.241 1 1 0
2.241 2 1 0
2.24421 2 1 0
2.24421 1 1 0
2.251 1 1 0
2.251 2 1 0
2.25421 2 1 0
2.25421 1 1 0
2.261 1 1 0
2.261 2 1 0
2.26421 2 1 0
2.26421 1 1 0
2.271 1 1 0
2.271 2 1 0
2.27421 2 1 0
2.27421 1 1 0
2.281 1 1 0
2.281 2 1 0
2.28421 2 1 0
2.28421 1 1 0
2.291 1 1 0
2.291 2 1 0
2.29421 2 1 0
2.29421 1 1 0
2.301 1 1 0
2.301 2 1 0
2.30421 2 1 0
2.30421 1 1 0
2.311 1 1 0
2.311 2 1 0
2.31421 2 1 0
2.31421 1 1 0
2.321 1 1 0
2.321 2 1 0
2.32421 2 1 0
2.32421 1 1 0
2.331 1 1 0
2.331 2 1 0
2.33421 2 1 0
2.33421 1 1 0
2.341 1 1 0
2.341 2 1 0
2.34421 2 1 0
2.34421 1 1 0
2.351 1 1 0
2.351 2 1 0
2.35421 2 1 0
2.35421 1 1 0
2.361 1 1 0
2.361 2 1 0
2.36421 2 1 0
2.36421 1 1 0
2.371 1 1 0
2.371 2 1 0
2.37421 2 1 0
2.37421 1 1 0
2.381 1 1 0
2.381 2 1 0
2.38421 2 1 0
2.38421 1 1 0
2.391 1 1 0
2.391 2 1 0
2.39421 2 1 0
2.39421 1 1 0
2.401 1 1 0
2.401 2 1 0
2.40421 2 1 0
2.40421 1 1 0
2.411 1 1 0
2.411 2 1 0
2.41421 2 1 0
2.41421 1 1 0
2.421 1 1 0
2.421 2 1 0
2.42421 2 1 0
2.42421 1 1 0
2.431 1 1 0
2.431 2 1 0
2.43421 2 1 0
2.43421 1 1 0
2.441 1 1 0
2.441 2 1 0
2.44421 2 1 0
2.44421 1 1 0
2.451 1 1 0
2.451 2 1 0
2.45421 2 1 0
2.45421 1 1 0
2.461 1 1 0
2.461 2 1 0
2.46421 2 1 0
2.46421 1 1 0
2.471 1 1 0
2.471 2 1 0
2.47421 2 1 0
2.47421 1 1 0
2.481 1 1 0
2.481 2 1 0
2.48421 2 1 0
2.48421 1 1 0
2.491 1 1 0
2.491 2 1 0
2.49421 2 1 0
2.49421 1 1 0
2.501 1 1 0
2.501 2 1 0
2.50421 2 1 0
2.50421 1 1 0
2.511 1 1 0
2.511 2 1 0
2.51421 2 1 0
2.51421 1 1 0
2.521 1 1 0
2.521 2 1 0
2.52421 2 1 0
2.52421 1 1 0
2.531 1 1 0
2.531 2 1 0
2.53421 2 1 0
2.53421 1 1 0
2.541 1 1 0
2.541 2 1 0
2.54421 2 1 0
2.54421 1 1 0
2.551 1 1 0
2.551 2 1 0
2.55421 2 1 0
2.55421 1 1 0
2.561 1 1 0
2.561 2 1 0
2.56421 2 1 0
2.56421 1 1 0
2.571 1 1 0
2.571 2 1 0
2.57421 2 1 0
2.57421 1 1 0
2.581 1 1 0
2.581 2 1 0
2.58421 2 1 0
2.58421 1 1 0
2.591 1 1 0
2.591 2 1 0
